[[0.0,0.0,0.0,0.0,0.0,0.0,0.0,0.0,0.0,0.0,0.0,0.0,0.0,0.0,0.0,0.0,0.0,0.0,0.0,0.0,0.0,0.0,0.0,0.0,0.0,0.0,0.0,0.0,0.0,0.0,0.0,0.0,0.0,0.0,0.0,0.0,0.0,0.0,0.0,0.0,0.0,0.0,0.0,0.0,0.0,0.0,0.0,0.0,0.0,0.0,0.0,0.0,0.0,0.0,0.0,0.0,0.0,0.0,0.0,0.0,0.0,0.0,0.0,0.0,0.0,0.0,0.0,0.0,0.0,0.0,0.0,0.0,0.0,0.0,0.0,0.0,0.0,0.0,0.0,0.0,0.0,0.0,0.0,0.0,0.0,0.0,0.0,0.0,0.0,0.0,0.0,0.0,0.0,0.0,0.0,0.0,0.0,0.0,0.0,0.0,0.0,0.0,0.0,0.0,0.0,0.0,0.0,0.0,0.0,0.0,0.0,0.0,0.0,0.0,0.0,0.0,0.0,0.0,0.0,0.0,0.0,0.0,0.0,0.0,0.0,0.0,0.0,0.0,0.0,0.0,0.0,0.0,0.0,0.0,0.0,0.0,0.0,0.0,0.0,0.0,0.0,0.0,0.0,0.0,0.0,0.0,0.0,0.0,0.0,0.0,0.0,0.0,0.0,0.0,0.0,0.0,0.0,0.0,0.0,0.0,0.0,0.0,0.0,0.0,0.0,0.0,0.0,0.0,0.0,0.0,0.0,0.0,0.0,0.0,0.0,0.0,0.0,0.0,0.0,0.0,0.0,0.0,0.0,0.0,0.0,0.0,0.0,0.0,0.0,0.0,0.0,0.0,0.0,0.0,0.0,0.0,0.0,0.0,0.0,0.0,0.0],[0.0,0.0,0.1864610761,0.1196052507,0.1940453202,0.1444128901,0.2789629102,0.4328205585,0.0859151036,0.1580589414,0.1765489876,0.2916087806,0.2928275764,0.2190205753,0.2654321492,0.4629478157,0.2680206001,0.2531148791,0.1525818408,0.1917074323,0.2210236639,0.0724868476,0.0640189052,0.3483007252,0.2039624155,0.2336104512,0.2116194516,0.2648721039,0.2677509189,0.2192990482,0.1998856217,0.3345889747,0.3119231164,0.2128992677,0.191374436,0.2270155549,0.3679226935,0.2422920465,0.2008527815,0.4041424394,0.5164559484,0.1605739594,0.3076417744,0.3445367217,0.2618947029,0.3209358156,0.2047719955,0.2963664532,0.3584010899,0.1823368967,0.1960660517,0.1595246047,0.2885940969,0.2867221236,0.2604294717,0.3379741311,0.2943385839,0.3014270961,0.3211733699,0.4735182226,0.2738388479,0.2689057589,0.3736349046,0.3340052664,0.3089719117,0.2602709532,0.2536226809,0.4772222936,0.3100510836,0.2609350681,0.2769618332,0.3496596813,0.1391207278,0.2637635767,0.2106547207,0.2738992274,0.2907676697,0.3223030269,0.2465086579,0.2040050626,0.231591329,0.2665603161,0.4505227506,0.1980768293,0.1502186656,0.2564384639,0.241736263,0.0611696094,0.0398901738,0.2825343907,0.2867107689,0.3472100496,0.4344218671,0.2660255432,0.2963367105,0.3403533101,0.3165720701,0.2782166898,0.2974027693,0.2262187749,0.1646042913,0.5099095106,0.1731924117,0.1053578779,0.1687013507,0.1408438683,0.1876960546,0.304212451,0.0597469211,0.1120614186,0.1306878477,0.271887213,0.221587047,0.18276757,0.2296314538,0.3471580744,0.2445273995,0.2076143771,0.1201170906,0.1866816729,0.1373062134,0.0789761692,0.0569329672,0.3323006928,0.1385962665,0.1717063487,0.190926075,0.2518269122,0.2659284174,0.1495780498,0.0931598991,0.2767023444,0.2474318743,0.1962650418,0.2095300555,0.2264275551,0.3212995529,0.133333832,0.1586240381,0.3561191857,0.4382239878,0.1236266419,0.2532079518,0.3561226726,0.3041880429,0.2526425421,0.171223253,0.2826915681,0.3517430723,0.1460986435,0.1325217038,0.1721512377,0.2934338152,0.2794923484,0.2650478482,0.2436289936,0.1797033846,0.3076717556,0.3145171404,0.3040674627,0.188533023,0.2624040246,0.3363418579,0.2717093229,0.245887965,0.2600017786,0.2452765107,0.2445339411,0.2658944428,0.2407075912,0.2759625912,0.2502887547,0.1039184555,0.2708314657,0.2029973269,0.2762617469,0.2947320938,0.280767858,0.2036479414,0.1832646132,0.2097980231,0.2254898846,0.3834373057,0.1699111015,0.1442380548,0.2524527609,0.2301917523,0.0501130745,0.0271862801,0.2851804495,0.2853676677,0.2413011044,0.3570373654,0.2615558803,0.2887859344,0.3325918913,0.3052081466,0.2697104812,0.296426028,0.1715372503,0.1516551226],[0.0,0.1864610761,0.0,0.0720060766,0.1411435157,0.1102740169,0.0286952965,0.2175667435,0.1658372134,0.0108848047,0.0365269743,0.2826542258,0.1980355084,0.1315814555,0.19486247,0.1953819841,0.3631718457,0.2570290267,0.0588206649,0.2579395175,0.2934781313,0.1737430096,0.0830676034,0.2925830483,0.0838787258,0.0812022164,0.3243495822,0.2783697248,0.1644067764,0.1841050982,0.1452475637,0.2835969627,0.3628895283,0.1725033373,0.1550282985,0.258413434,0.2960935533,0.3836350739,0.2908686101,0.2664711773,0.2032945305,0.0900023729,0.0836994722,0.2233395576,0.2091234624,0.3146525621,0.2149935067,0.2151561975,0.2227060348,0.2784586549,0.3056449592,0.1853404641,0.236839354,0.2856343687,0.3125808239,0.1163967922,0.1070890501,0.1954329908,0.2208524048,0.2001707554,0.3144867122,0.2405861169,0.2438898832,0.0038885875,0.0070283422,0.2638756037,0.2209645212,0.2960884571,0.3787059486,0.1624678969,0.2362918854,0.0056905444,0.0508796237,0.2597158551,0.3174589872,0.2488361001,0.3087843657,0.1552111953,0.1023013964,0.2026374191,0.1877764016,0.2356317937,0.1219643429,0.3221573234,0.1804416925,0.304463923,0.2613449395,0.0020123138,0.0161885414,0.2629238069,0.2402140796,0.0154770222,0.1740771532,0.2090552449,0.2532234788,0.2246616632,0.1990922987,0.2795651853,0.2839922607,0.1206775233,0.0319083817,0.2223861217,0.3676512539,0.0621287636,0.1497680843,0.1042886227,0.0,0.2833916247,0.1693136543,0.0,0.0245541111,0.2791619897,0.1802835166,0.119224295,0.1959541887,0.1923878789,0.3533478379,0.2561887205,0.0474773683,0.2540890872,0.2823805809,0.1095284149,0.0888143703,0.2902647555,0.1007707044,0.0894703716,0.3330290616,0.2793415785,0.1497150958,0.1472437233,0.153201431,0.3075227141,0.3623633385,0.1931394637,0.1857865751,0.2198887467,0.2726186216,0.3561465442,0.2144024074,0.2790201604,0.206233263,0.0508815572,0.1134695858,0.2261654884,0.2327942252,0.3140828311,0.2248627394,0.2062225491,0.2225621045,0.2537333369,0.2951807678,0.1893148124,0.2371211052,0.2779411674,0.3001450598,0.1261221021,0.1354702115,0.1709906608,0.1922757179,0.2485359907,0.3160054982,0.2385564446,0.2692406178,0.0068073496,0.0052677304,0.2688027024,0.2121968716,0.3738425374,0.3655222952,0.1459630579,0.2265793085,0.0180907622,0.0152858505,0.2606202662,0.3084285259,0.2449581623,0.3017631173,0.1456037164,0.0915482566,0.2070062757,0.1770452857,0.2300380468,0.1332368106,0.3167030513,0.1692961454,0.304222405,0.2661022246,0.0,0.0122602331,0.2676880956,0.2402713895,0.0882324278,0.1646508574,0.198882699,0.2550876141,0.2107321918,0.1866669655,0.2808698118,0.2832965255,0.0803835839,0.0102029908],[0.0,0.1196052507,0.0720060766,0.0,0.1255833209,0.1450085938,0.1132941693,0.1110731959,0.0878856033,0.0709678456,0.1326909065,0.1089475676,0.1135117784,0.1670152545,0.1467054337,0.1425243616,0.0842905492,0.1035951674,0.1252086163,0.1060952768,0.0939900056,0.063657999,0.0555852465,0.1170474961,0.1040580422,0.1124873906,0.0810394064,0.097047314,0.1013684198,0.0856233835,0.0886696354,0.0824592784,0.0907066613,0.117615208,0.1416667849,0.0877545998,0.1085653678,0.0692237169,0.0995150656,0.1155622527,0.1272092164,0.0699380487,0.0895286724,0.1128823236,0.0966091529,0.1243294179,0.1098360866,0.1205547303,0.1283297986,0.0739964172,0.0960353985,0.070141919,0.1042581722,0.1169660613,0.1023505479,0.1103534997,0.1330027878,0.1129098758,0.1184293777,0.1126747876,0.0619238056,0.1092849374,0.1036605462,0.1141938195,0.1319573969,0.1055662259,0.0951087102,0.0842479691,0.0961752087,0.0964124799,0.1034369171,0.1136229262,0.1112907231,0.1024436951,0.0850365609,0.0936684534,0.094943516,0.0964116454,0.0933870226,0.1416538358,0.1381482631,0.0963756368,0.1233998686,0.0767245069,0.0835164115,0.0943718404,0.1021630988,0.0504284203,0.0323858075,0.10942702,0.0994517282,0.1136198938,0.1552606523,0.1001069993,0.1065140963,0.1212745756,0.1101724654,0.0927209705,0.0979108885,0.0972995982,0.1236537769,0.1096399501,0.0699248239,0.0785421059,0.1159552187,0.1080732793,0.0883080736,0.0829530656,0.0701260194,0.0620032512,0.0680914298,0.1047516167,0.0951476842,0.1230300367,0.1297959387,0.116867207,0.0770337656,0.0839780942,0.1119147018,0.0959023684,0.0629040375,0.0493451692,0.0378906652,0.1139330342,0.0789732486,0.0845097527,0.06635122,0.0905147046,0.0975090042,0.0574468002,0.0460633412,0.074213855,0.0772807747,0.1150807217,0.1366763413,0.0857155621,0.1062313914,0.0438745357,0.0765613914,0.1138913333,0.1144139692,0.0631862208,0.0798756927,0.1149438098,0.1062482074,0.1079572141,0.0906027779,0.1178574935,0.1242367104,0.0640127733,0.0739332438,0.0687766001,0.1038001403,0.1124031767,0.1016656458,0.0866268501,0.10240639,0.1156150177,0.1180266961,0.084590055,0.0380417779,0.1016504392,0.0964384153,0.0922951624,0.1168913394,0.0990443379,0.0940388516,0.0509600788,0.0933837369,0.0888129547,0.1006341949,0.0891074687,0.0940168425,0.1028580442,0.0801587477,0.0953829065,0.0944922194,0.0810195729,0.0875086114,0.1285933852,0.12468604,0.0817787498,0.1035775319,0.0643581599,0.0683898777,0.0937034711,0.0972335786,0.0498280041,0.020011887,0.1081491858,0.0992724672,0.085789606,0.1460332423,0.0990106836,0.1004617587,0.121124804,0.1077526584,0.0900890455,0.0965613872,0.0939767882,0.1020479873],[0.0,0.1940453202,0.1411435157,0.1255833209,0.0,0.284701705,0.1781513989,0.1209775656,0.2938036621,0.2160548419,0.1309466362,0.2342915535,0.2204960287,0.1883876324,0.178614229,0.271202445,0.0773690641,0.1172652543,0.3601549268,0.143843919,0.2852056623,0.0837642401,0.0842218474,0.1858525574,0.3399530649,0.3264020979,0.0997940898,0.1772577763,0.1724089086,0.292730689,0.186617434,0.1251903176,0.1614744216,0.5222994685,0.4785915017,0.1108173281,0.1650813967,0.1892208755,0.1360955536,0.2097602189,0.2136974484,0.0829073414,0.1158509478,0.1860174686,0.2169838101,0.3673583865,0.4191485941,0.1875146031,0.1927853227,0.2406398952,0.3061930537,0.2204945832,0.1922898144,0.1439228803,0.1615322977,0.262617588,0.3518964648,0.193603754,0.1976135522,0.1352436393,0.0741867796,0.0898341238,0.1394049227,0.2531941235,0.3746116161,0.2971095741,0.2033617347,0.1605004519,0.1309949607,0.1623856425,0.1760393083,0.2697160542,0.3636270463,0.1994471401,0.1030595526,0.1474000961,0.1839276105,0.1288009286,0.1353647411,0.3638044,0.2687132657,0.1598856449,0.2212638408,0.0765963644,0.1253758967,0.2445645779,0.2767433524,0.1109593809,0.0574625731,0.2629534602,0.1910595,0.3922385573,0.3674277663,0.1807451248,0.194267258,0.2014670223,0.1765974611,0.2023660243,0.2125172615,0.2991979718,0.374186635,0.1819745004,0.1333629042,0.1143364012,0.4397864044,0.2384881675,0.1575253457,0.0688262507,0.2544564009,0.1998094767,0.1036885604,0.234280929,0.2062894851,0.1594301015,0.1699318439,0.2494667619,0.0831588879,0.0871582478,0.3462476432,0.1299809068,0.2296174318,0.0622348152,0.0502120517,0.1842985749,0.2581267655,0.2899358273,0.0749109834,0.1607927084,0.1616391838,0.2368160933,0.1056191102,0.1091474593,0.1308364868,0.4847324491,0.4218455553,0.1112559289,0.1506660432,0.1402601749,0.1361144036,0.2040485591,0.1916367263,0.108964026,0.1055094078,0.1931095421,0.2303989381,0.3148922324,0.3502603173,0.1950671971,0.1974874288,0.2209112048,0.2560096383,0.2266125232,0.198498264,0.1330465078,0.1611271799,0.2130928338,0.2764926255,0.1916042566,0.1911984831,0.0826937705,0.0383381583,0.0991305038,0.1391138136,0.2310084105,0.3594844341,0.2390820384,0.1848717779,0.0440596938,0.1293597221,0.1466070116,0.1755449176,0.2316867411,0.3340107501,0.1995159984,0.0979577005,0.1571347564,0.1836812049,0.1212288365,0.1373826414,0.3368171453,0.2721587121,0.1423090547,0.1880881488,0.0622855909,0.1134790629,0.2421737462,0.2747685015,0.1083424091,0.0401246436,0.2526521385,0.1882011294,0.3375516534,0.3629956841,0.1757299602,0.1979877949,0.2037066072,0.1818627566,0.2057894915,0.2050168961,0.3106129766,0.3277870417],[0.0,0.1444128901,0.1102740169,0.1450085938,0.284701705,0.0,0.1189802215,0.0977159068,0.1641067415,0.1088842303,0.1118338481,0.1762367189,0.1467643678,0.2719418108,0.1999488622,0.1976787597,0.0918798223,0.1235013232,0.2271191776,0.1898761243,0.1567437053,0.0661707744,0.0588454306,0.1622701138,0.1713340133,0.2114287913,0.1366125196,0.1557678133,0.1508834064,0.1490242183,0.1117313579,0.1021347046,0.1290907264,0.2755393088,0.3586446047,0.119155176,0.1479300559,0.1232232749,0.1378803998,0.1803037822,0.1741000712,0.0800013095,0.0813362375,0.1603834033,0.1498847008,0.265776068,0.2594336569,0.2079665959,0.1900705993,0.1116263494,0.1861372292,0.118364051,0.1577035338,0.1644710451,0.1617632806,0.1607482284,0.246523723,0.1606535465,0.166577518,0.1289499402,0.0600848645,0.1306288093,0.1360396445,0.1381458044,0.2129349411,0.2175829709,0.2392022312,0.1039788499,0.1328588426,0.1392414868,0.1468966454,0.1356362551,0.2177935839,0.15949139,0.1077550277,0.1411318183,0.1656793505,0.1226358414,0.1202995926,0.348741293,0.2652298808,0.148844704,0.181780532,0.0887216032,0.1015543938,0.1859807819,0.2001911551,0.0863267779,0.0342976339,0.2025617361,0.1799372435,0.188266322,0.290076822,0.1453077048,0.1579702646,0.173430711,0.1568523496,0.1598851681,0.1749092638,0.158090502,0.2118605077,0.1527179331,0.1052704677,0.1074617729,0.2772269845,0.2577696145,0.1116906181,0.0851781145,0.1406757683,0.1032296568,0.0915724188,0.1709052622,0.1424809545,0.2043479681,0.1761283129,0.1809054017,0.0903705582,0.0977398977,0.2286747396,0.1698587537,0.1278300434,0.0584514774,0.0495073609,0.1600761265,0.1374960691,0.1841553301,0.1138779223,0.1420424283,0.1451504081,0.122707583,0.0578509979,0.0980895683,0.1133864224,0.2772701681,0.3485621214,0.1133925393,0.1478972435,0.1072719172,0.1172551811,0.1736169308,0.1650509536,0.0889803022,0.0903297663,0.1614962518,0.1649750024,0.2502380013,0.224806577,0.2042030245,0.1882440597,0.1098131984,0.1593511701,0.1192120016,0.1561649889,0.1491987556,0.1571327597,0.1527132094,0.2278972119,0.1648685485,0.1644196659,0.1155811325,0.0325966924,0.1300117075,0.1331365705,0.1279509664,0.2284258306,0.1974685043,0.1947018206,0.0707545206,0.1272206903,0.129153356,0.1473241597,0.1194284111,0.2050862014,0.1629069299,0.1007437035,0.1456315517,0.1621602923,0.1122394204,0.1236708984,0.3289295435,0.2522169948,0.1244619042,0.169264406,0.0723345727,0.0926090106,0.1849614531,0.197961539,0.0847326964,0.032297533,0.1983297467,0.1771013737,0.1810475588,0.2948113978,0.1448752135,0.157402128,0.1704356819,0.1571083516,0.1555471271,0.1743706018,0.1853189766,0.1907064915],[0.0,0.2789629102,0.0286952965,0.1132941693,0.1781513989,0.1189802215,0.0,0.4357067049,0.0872375891,0.197488457,0.1564939618,0.1297250986,0.3162122965,0.1662678272,0.2831524611,0.4457991421,0.0747257248,0.2815040052,0.1905031055,0.0814582407,0.2800520658,0.1548955739,0.1280307323,0.1125460789,0.3722148538,0.3559897542,0.0390481316,0.0752164647,0.1117519513,0.2407880723,0.3913464844,0.1024448127,0.1682510525,0.1285806298,0.1238320321,0.0574146435,0.1192192733,0.0823588371,0.2555389702,0.1256259531,0.1912108511,0.1838548481,0.2204285413,0.1014385,0.1669846177,0.1302403659,0.1419894695,0.1192500219,0.1517854631,0.1159803346,0.1488599181,0.164981097,0.1035313383,0.1310031563,0.037123736,0.4401370585,0.4001169205,0.1030923575,0.1031123698,0.3982790709,0.1853339672,0.1665619463,0.1492831558,0.3238639832,0.3696050346,0.0909113288,0.0717499778,0.2473251373,0.0636195838,0.1124492213,0.0997666866,0.4735936821,0.2556718886,0.1094388738,0.0615280755,0.0652147308,0.0308385454,0.1246456429,0.1424119174,0.1738135666,0.223815158,0.0967176855,0.1908292174,0.0828105882,0.0724532828,0.0853899494,0.1477813721,0.0875476003,0.0739604235,0.1344127953,0.0787797123,0.4321167171,0.2905047834,0.1005488038,0.093264088,0.127653718,0.1228787154,0.0643552691,0.0441081412,0.2206123769,0.2983897626,0.1861571968,0.0197001807,0.0811285451,0.1162492558,0.0823278651,0.4174101651,0.2046546489,0.0179248787,0.1343012005,0.0994646251,0.1276278049,0.200563103,0.1208970994,0.1971794814,0.2873844802,0.0446376838,0.1276882589,0.1303562224,0.0526443943,0.0915663764,0.1184461489,0.0658520088,0.105989024,0.2069190294,0.196405068,0.0,0.0665235147,0.1119728684,0.1048917025,0.1554385871,0.0636171028,0.0805301964,0.0624512322,0.0941007584,0.0679195449,0.091868192,0.0,0.1511797756,0.123085171,0.1482997835,0.1408283263,0.1298115551,0.1180894971,0.1664321274,0.057958629,0.0434845872,0.120298326,0.1443535537,0.063161023,0.0547906011,0.1647602618,0.11809019,0.0815336928,0.0443997867,0.2517238557,0.186058417,0.1204136685,0.1105885729,0.1907186061,0.0610012338,0.1058422327,0.1115735918,0.2141227722,0.2280361652,0.0767876431,0.0648471639,0.0178500209,0.0450146124,0.0984482691,0.1067135707,0.3399607539,0.1584489942,0.1097872555,0.0407221392,0.0752110705,0.0392462872,0.1017357036,0.1086143181,0.1167906076,0.1606634855,0.0819523409,0.1178408787,0.0282013174,0.0533584729,0.0806991681,0.1428231299,0.066366002,0.0387990102,0.1205678135,0.0810001865,0.246845305,0.1985342205,0.0989891812,0.102831237,0.1290298104,0.1249019653,0.0677002743,0.0398504846,0.1560286582,0.208976388],[0.0,0.4328205585,0.2175667435,0.1110731959,0.1209775656,0.0977159068,0.4357067049,0.0,0.0694268122,0.1238958612,0.1374980956,0.2285660356,0.4071480334,0.1894488782,0.2965969145,0.4533319771,0.2791759074,0.3536362648,0.0846543759,0.1982389539,0.3260674179,0.1715397537,0.1344039738,0.2404949814,0.2743439078,0.2520878911,0.216232121,0.1928813457,0.1572871059,0.249541223,0.3393933773,0.2708573639,0.3538722992,0.1109417975,0.0889152139,0.1770113111,0.2653509676,0.2859022617,0.3620439172,0.2435195595,0.3164712191,0.1811584383,0.2571954429,0.1868132502,0.2352783531,0.2422113419,0.1509656459,0.201570034,0.237825498,0.1910649538,0.218708694,0.2108926922,0.1978088915,0.2674530745,0.1754363477,0.4393528402,0.3033884466,0.1615761518,0.176051259,0.5557800531,0.4207095802,0.2928046286,0.2985458076,0.2438176721,0.2238613367,0.1888991445,0.164022997,0.4717083275,0.2653757334,0.166795224,0.1852932721,0.3808693588,0.1132743061,0.2045801133,0.2259637713,0.1847756207,0.1916587204,0.2273884863,0.1926506311,0.1705270559,0.2403947562,0.1821193993,0.2774984241,0.2930838466,0.1566144526,0.2180023491,0.2355554849,0.0377128907,0.0493553318,0.2278979272,0.1842925847,0.2809628248,0.2984517813,0.1707887203,0.1881505996,0.205232501,0.1966494769,0.1924245507,0.183408916,0.2249088883,0.1390252262,0.3401118219,0.1975479275,0.0750266686,0.0754630193,0.073725909,0.2715556622,0.4364910424,0.0296895839,0.0534980744,0.0781808197,0.2251934111,0.2862554789,0.1424119174,0.2264704853,0.3215036988,0.2269696444,0.2348190099,0.0248130262,0.1794987768,0.1854018718,0.1324229538,0.10126362,0.2275229692,0.1568672508,0.1307445318,0.1838879883,0.1883926243,0.1567029208,0.1113592386,0.1692662537,0.2305531651,0.271222949,0.0754646584,0.0979274958,0.1675408632,0.2247618884,0.1463214159,0.2265095264,0.2313678712,0.2519144416,0.1041084304,0.1925778091,0.1997726709,0.2431056947,0.1776183844,0.0955903754,0.1927830279,0.2228999585,0.1441643834,0.1355406642,0.2118802369,0.2097087801,0.2219408154,0.182021454,0.2809521258,0.1493741125,0.1721560061,0.1752774715,0.3825222552,0.2767444253,0.2289941162,0.260554105,0.1525697857,0.1120019406,0.1845009178,0.1539613456,0.2831802964,0.2331984788,0.1458099186,0.190790832,0.2588353157,0.0206124373,0.2065119445,0.1975540221,0.1922974735,0.1965624392,0.192299962,0.1377743781,0.1301210672,0.1834772676,0.1711050272,0.2084347159,0.2195955217,0.1305275559,0.2099763751,0.2309321463,0.0147087658,0.0289536528,0.2207640558,0.1844031662,0.1729491204,0.2067169845,0.1646632552,0.2009419799,0.2005738169,0.1891644299,0.1938897371,0.174369514,0.1175347567,0.0768003836],[0.0,0.0859151036,0.1658372134,0.0878856033,0.2938036621,0.1641067415,0.0872375891,0.0694268122,0.0,0.1495156139,0.0957716182,0.1749520451,0.2129389197,0.0950224996,0.0496666804,0.1100778431,0.0427571535,0.0277054366,0.3395192623,0.0299131423,0.30747509,0.0804363713,0.0820320025,0.1051499695,0.1427250803,0.2406141609,0.0608026274,0.1089127213,0.0951724723,0.2276493609,0.1026011109,0.0816211998,0.1128368825,0.3335004151,0.2764090598,0.0573549531,0.0910644159,0.2051754147,0.0501955524,0.1397798508,0.125193581,0.0432208292,0.0799584314,0.1037209928,0.1351816803,0.2193399072,0.2386325449,0.0966469496,0.093692407,0.1847909391,0.2096511424,0.1527103037,0.1049416512,0.0288351383,0.0706462339,0.1233204901,0.1861517429,0.1026992872,0.1029284671,0.0374140404,0.0883429945,0.01655709,0.0624812357,0.1822824329,0.2634171546,0.1438647509,0.0905311033,0.1015607193,0.0684222803,0.0894282088,0.1009378135,0.1912602335,0.2978783548,0.131360814,0.075136587,0.0724224448,0.0829782933,0.0899402946,0.0988313779,0.1901256591,0.0894595757,0.1168384999,0.1239667013,0.079967387,0.1292786896,0.1414402872,0.1690218598,0.1220533922,0.0469792821,0.1437483877,0.0861534923,0.2473976165,0.1948102862,0.1063931137,0.1140784472,0.1049794331,0.0873601362,0.1021719724,0.1002647802,0.348384887,0.2962240279,0.0958749577,0.143174544,0.0750659034,0.2772139907,0.1362931728,0.0759046823,0.068154186,0.3359896839,0.1336884946,0.0763325989,0.1737098396,0.2040361911,0.0726192519,0.0586783402,0.118806839,0.0432660282,0.0213364884,0.303019315,0.0273726415,0.2653007805,0.0410221331,0.0605712794,0.1022510007,0.1110747159,0.2184696496,0.0411079191,0.0980461612,0.0867110342,0.1889391989,0.0647879317,0.0740535557,0.0945947394,0.3107369244,0.2389845401,0.0512877814,0.0799912736,0.1616018862,0.0520642139,0.1331491619,0.1090998352,0.055734802,0.0755830407,0.1028277799,0.1370478421,0.1916836798,0.1943307668,0.0991350487,0.0985909402,0.1743462831,0.191580385,0.158893466,0.1139460132,0.0362526029,0.0689262822,0.1081469879,0.1351639479,0.0979728997,0.0939722955,0.0251195747,0.0684092045,0.0327539854,0.0734782144,0.171180591,0.2484958321,0.1214288622,0.0835129544,0.0314817391,0.0656011999,0.07934843,0.09905532,0.1770070344,0.2605747283,0.1325742751,0.068284452,0.0790691227,0.0850781053,0.0862795934,0.097547397,0.1691833586,0.0972160473,0.1043735147,0.1078493148,0.0728103518,0.1147480831,0.1368509531,0.1710585654,0.0997281894,0.0393330641,0.1346583217,0.0873414874,0.221170783,0.2004563659,0.0990589112,0.1185927242,0.1017020568,0.0886778012,0.1089167967,0.0943031162,0.3216714859,0.2689585388],[0.0,0.1580589414,0.0108848047,0.0709678456,0.2160548419,0.1088842303,0.197488457,0.1238958612,0.1495156139,0.0,0.1288710982,0.0863128304,0.1670970619,0.0915823504,0.0620160475,0.1873093545,0.0062090675,0.0130307749,0.2717261314,0.0,0.1505326331,0.0003005707,0.041093871,0.0874468088,0.143969506,0.2045941204,0.0068923365,0.0659424663,0.0959157348,0.2107998878,0.0870935693,0.0693332329,0.060090486,0.2532041371,0.186109215,0.0410298742,0.0789281055,0.0543240122,0.0,0.0846361816,0.1433945149,0.0524804108,0.1260883659,0.0912255123,0.0930067226,0.1524636,0.1574846655,0.0788680613,0.0976997167,0.0759596378,0.0821035653,0.0751587898,0.0738328248,0.0308094658,0.0503949113,0.1750229001,0.2155382633,0.1076643616,0.1034828201,0.1185248122,0.0259498786,0.0264056381,0.075561814,0.2723372579,0.3191952407,0.0816315785,0.0609528758,0.1129574552,0.0327496342,0.0921372697,0.0895665586,0.306063354,0.244525969,0.0836970806,0.0148258097,0.0443071127,0.0339907259,0.0889364704,0.1036912873,0.1299722642,0.0726941228,0.0534320325,0.1718383431,0.0,0.0521361083,0.0631644949,0.0859824121,0.0935432613,0.0497606546,0.0871816278,0.0631701797,0.3142091632,0.2439874113,0.0928364545,0.0952104703,0.1161140278,0.101895757,0.0524705984,0.0574551709,0.2790997624,0.2885974348,0.1112509444,0.0045559439,0.0563107356,0.1766971499,0.0907444358,0.1415355057,0.0192441531,0.103020601,0.2180416733,0.0957103074,0.0848903954,0.1124970168,0.0731499195,0.0424675085,0.1099466905,0.006289151,0.0,0.2200149745,0.0,0.0506509617,0.0,0.0137629714,0.0889584273,0.0435076691,0.1444383413,0.0,0.058015544,0.0951301903,0.1013022959,0.0,0.0425289497,0.0120904027,0.2025702298,0.1563022584,0.0495608225,0.0672116801,0.0,0.0,0.0724660456,0.1044398919,0.0598713607,0.0856442004,0.1043559015,0.1051618829,0.0841291994,0.0901496187,0.0883333236,0.1039983407,0.0451178215,0.031463176,0.0818337351,0.0837857053,0.0373599418,0.0598166287,0.0865793079,0.0804910064,0.1118429899,0.1053907946,0.0064241705,0.0,0.0325743556,0.0622005388,0.2219879776,0.2480614334,0.0695563555,0.0604988784,0.0,0.0362878703,0.083887361,0.0900066495,0.2043526769,0.2006874681,0.0875509903,0.0167530403,0.0538536124,0.0373042263,0.0771228969,0.099170208,0.0944961086,0.0538974889,0.0406445786,0.1166206375,0.0,0.0466014929,0.0611968376,0.0826126114,0.0897441804,0.0315775685,0.0848196223,0.0669180751,0.1765046418,0.2063045949,0.0889514014,0.0932012573,0.1178312302,0.1072954759,0.0484737866,0.0563328415,0.2376371473,0.2393217385],[0.0,0.1765489876,0.0365269743,0.1326909065,0.1309466362,0.1118338481,0.1564939618,0.1374980956,0.0957716182,0.1288710982,0.0,0.0916257054,0.1439005733,0.144283101,0.0869742334,0.1617044955,0.0513358004,0.0364817977,0.1670766622,0.040615201,0.0782592893,0.0048191436,0.0444029756,0.1082652435,0.0709550828,0.1268537045,0.0394208506,0.0807276145,0.0976106599,0.0702252761,0.0437828079,0.0873094201,0.0662361011,0.1322377771,0.1309671551,0.0686309859,0.1020604968,0.0340325572,0.0058963578,0.1022980139,0.1638330519,0.0730263665,0.1758471131,0.1104493961,0.0922477692,0.1182247251,0.0802015513,0.1109477133,0.1230670512,0.0589922406,0.066370219,0.0561665185,0.0956080183,0.0660298988,0.0779708922,0.1105067506,0.1362757832,0.1115206182,0.1159086376,0.1305893511,0.0477192998,0.0638909489,0.095826447,0.2555778325,0.2301878184,0.0886252001,0.0824287087,0.1153927892,0.061818514,0.0911149159,0.093536444,0.2189003974,0.1279685348,0.0951974094,0.0543439947,0.0805307105,0.0679840967,0.1433731765,0.1859782785,0.106121771,0.0789045468,0.0870121941,0.1990593672,0.0350804515,0.1005701423,0.0719173774,0.079057157,0.0746899992,0.034288723,0.0918196589,0.0875417814,0.194385916,0.1957319081,0.0920764208,0.0953927562,0.1175894588,0.1070438996,0.0734667107,0.0806559548,0.1740794331,0.162888661,0.1486098915,0.0348913111,0.0760482475,0.1187591106,0.0999551043,0.1189515218,0.0717186779,0.07041049,0.1059884951,0.1242322847,0.0862726271,0.0974558666,0.1114432886,0.0783945546,0.1199086905,0.0454544649,0.0173055343,0.1498089135,0.0371128507,0.0314823575,0.0054438943,0.0174431186,0.102042973,0.0318088755,0.100939922,0.0237884223,0.072449021,0.0946776271,0.0369918421,0.0,0.0649249107,0.0433756411,0.1207133457,0.1257340759,0.0724751353,0.0920373946,0.0,0.0,0.0932371467,0.1335325241,0.0724070445,0.1232457533,0.116336152,0.1043568403,0.0824784636,0.058047276,0.112060003,0.1272911876,0.0373860039,0.0324394368,0.0584417582,0.1001093239,0.0742943585,0.0820328593,0.0723690763,0.0633702427,0.1104444116,0.1135971472,0.0651274547,0.0040531098,0.0687917098,0.0864682198,0.2039716244,0.1995397508,0.0827876106,0.081421122,0.0151455412,0.0626210123,0.0825695544,0.0904614553,0.1651688218,0.1191312894,0.0921476483,0.0503034182,0.0850168318,0.0724240914,0.1198447347,0.1324318647,0.0958002135,0.0720349923,0.0662406683,0.1574569643,0.0188896805,0.0645235702,0.0715898424,0.0757333562,0.0791146159,0.0207197592,0.0914754346,0.0875603035,0.1174490526,0.1803434044,0.0901519358,0.0902251601,0.1192923263,0.1065143868,0.0712542161,0.0814598426,0.1611067355,0.1597232372],[0.0,0.2916087806,0.2826542258,0.1089475676,0.2342915535,0.1762367189,0.1297250986,0.2285660356,0.1749520451,0.0863128304,0.0916257054,0.0,0.2238955796,0.1722693294,0.2311571687,0.2654975355,0.3273334205,0.2434750646,0.1557794511,0.2347266972,0.2414752692,0.1362341046,0.0860476792,0.381265074,0.1776024997,0.1625334471,0.2485280484,0.3104940951,0.2692002356,0.2102507353,0.1882149577,0.275760293,0.3049146533,0.2485882193,0.2611450553,0.249612838,0.3548136055,0.2669964731,0.2446845323,0.4621919692,0.3877557814,0.1049239337,0.1150650829,0.2918696105,0.2661102712,0.3318640888,0.2464583665,0.2663895786,0.2870565057,0.2408939153,0.2895936668,0.2224363238,0.2855421007,0.2872788906,0.3004760444,0.2053152174,0.2203785032,0.3034080267,0.3167555034,0.2392846197,0.2378078252,0.2649562061,0.3079417944,0.1217563748,0.1557353437,0.3145331442,0.2663287818,0.2706655562,0.3833290339,0.2625367641,0.3011892736,0.1179730818,0.1377035975,0.3950623572,0.299413532,0.2796503007,0.3154414892,0.2269254774,0.1551630795,0.2511076927,0.2407000512,0.3925670087,0.2411998808,0.265728116,0.1823062152,0.3396225274,0.3236848712,0.0459013171,0.0345229693,0.3249325752,0.2918816209,0.1646810919,0.2726425827,0.3050817847,0.342718035,0.3350721896,0.3189470172,0.3081755638,0.3185159564,0.1563541144,0.1331065297,0.3047373295,0.2762988508,0.0963432863,0.2374730408,0.1653573215,0.1204975769,0.2581349313,0.169571653,0.0815590844,0.0662128553,0.4350073338,0.2268268168,0.1548827738,0.2361596078,0.266246736,0.321737349,0.2540585399,0.1467715949,0.2334887087,0.2597176135,0.1278623194,0.0863930285,0.3674502075,0.1897718012,0.1719370782,0.2571393251,0.2974070311,0.253693223,0.1949134767,0.176750958,0.288708508,0.3139182627,0.2646154463,0.2814355791,0.2288187444,0.3277285099,0.2461683005,0.2397680134,0.4380069673,0.3699425757,0.0842428878,0.1215377748,0.2840506732,0.2889607251,0.3227359951,0.2507812381,0.253056854,0.2829588354,0.2372341156,0.2721414864,0.2214117944,0.2741114199,0.2839625478,0.2920452654,0.216522783,0.2204195857,0.2851881981,0.2928811908,0.2561309338,0.2425634563,0.2784579098,0.3257012963,0.1048602089,0.1505182236,0.3073020279,0.2517228127,0.2705570757,0.349258244,0.2394692004,0.2905687988,0.1285033226,0.1255423576,0.3396740258,0.2849198878,0.2726635039,0.3132358491,0.1953235567,0.1406804323,0.2527340353,0.2409538925,0.3240746856,0.228680566,0.2594418824,0.1747935563,0.3406977952,0.3214325309,0.0361687802,0.0279202182,0.3229600787,0.2853324115,0.200363785,0.2612925172,0.2881844044,0.3374148607,0.3203994334,0.3057201207,0.3043473065,0.3164957166,0.1536421031,0.1270795912],[0.0,0.2928275764,0.1980355084,0.1135117784,0.2204960287,0.1467643678,0.3162122965,0.4071480334,0.2129389197,0.1670970619,0.1439005733,0.2238955796,0.0,0.1638220102,0.1877453923,0.3164285421,0.1746724993,0.2073475718,0.2030917406,0.1287218481,0.3529888093,0.1391231716,0.1485664696,0.1943496764,0.2138431817,0.2640078664,0.1566286832,0.169113636,0.1437483579,0.2670122087,0.2329793423,0.1974431574,0.2681760788,0.2433804125,0.2035386562,0.1363105327,0.201944381,0.2641071677,0.2119658887,0.2077275813,0.2528302968,0.1164957583,0.1956065595,0.1590183377,0.1919548362,0.2549366951,0.2034698725,0.174777776,0.1905109435,0.1944119632,0.2113726884,0.1792913228,0.1606441289,0.1712483466,0.1378277093,0.3264424205,0.2691417933,0.1503588706,0.157575205,0.3521296382,0.3044292629,0.1845344305,0.2072905451,0.2571333647,0.2785698473,0.1903989166,0.1500894427,0.3315500617,0.1849870384,0.1479009092,0.1652820557,0.3295856714,0.2090880275,0.1886646003,0.1644205153,0.1425553411,0.1530343443,0.181924209,0.1687698513,0.1966446787,0.1827149689,0.1622550935,0.2372148484,0.2199884653,0.2148094922,0.2034980804,0.2229812592,0.0631321296,0.0509866588,0.2069472075,0.1571133137,0.2943585813,0.2793764472,0.1511799544,0.1703507602,0.1807225496,0.1695696712,0.1631011069,0.1612743437,0.3207761049,0.2255949676,0.2545645535,0.1760008335,0.08180096,0.1818143427,0.1180702075,0.2069830894,0.300070554,0.1688903123,0.110834077,0.0829742178,0.2175337523,0.3271577358,0.1230377257,0.1514879912,0.2514433265,0.1477139741,0.1382375509,0.1577813476,0.1135818884,0.2542691827,0.0876131654,0.0850766152,0.1851518303,0.1305402219,0.1934211999,0.129416272,0.1584531218,0.1401884705,0.1516069323,0.1093295589,0.1749820858,0.2172311842,0.2049784511,0.1886517107,0.1298615634,0.1734289825,0.1453070939,0.1471066177,0.1970749944,0.2039216161,0.0825734362,0.1546342522,0.1672131717,0.2014897168,0.1971248537,0.1475488544,0.1706601381,0.188189581,0.1558747888,0.1520472467,0.1811878234,0.1712867022,0.1504201293,0.1400731653,0.2368819863,0.1508124918,0.1531169415,0.1524215937,0.2420480698,0.2145353109,0.1579966396,0.1934396327,0.2035528272,0.2015874237,0.1805865616,0.1420143098,0.1750424802,0.1673380286,0.1315853447,0.166242674,0.2614136636,0.1407381594,0.1873728335,0.1455731839,0.1500975788,0.1547033042,0.156243071,0.1280959696,0.1566789448,0.1512903869,0.1447318792,0.1816558391,0.1636560857,0.1344897747,0.1995715201,0.2216668725,0.054293301,0.0348811857,0.1993791312,0.1591362804,0.221617043,0.2343937159,0.1438151002,0.1741833389,0.1744871289,0.165286392,0.1644876599,0.1564719677,0.2441833764,0.1787458807],[0.0,0.2190205753,0.1315814555,0.1670152545,0.1883876324,0.2719418108,0.1662678272,0.1894488782,0.0950224996,0.0915823504,0.144283101,0.1722693294,0.1638220102,0.0,0.3247682452,0.2764203548,0.1596889347,0.2229456902,0.1657405943,0.2761722803,0.1171604693,0.1010304615,0.0735120401,0.1883120537,0.1552131921,0.1595621854,0.1911707222,0.1728987992,0.1563980579,0.1166571826,0.1172579974,0.1279536337,0.162997812,0.1838409901,0.2583089173,0.1709918976,0.1832907498,0.1351122707,0.2102146894,0.195626989,0.2096468657,0.187253058,0.173547253,0.2131735831,0.1798266917,0.2465806305,0.2094983608,0.2880387306,0.2698001564,0.1071669236,0.1809785813,0.1193392798,0.193794027,0.2632015347,0.215092957,0.1776214391,0.2257681191,0.1679167151,0.1832629293,0.2292444855,0.1015974581,0.223715201,0.1813026965,0.1351504773,0.1649030745,0.1941435039,0.210742265,0.1722406447,0.2006077021,0.1477447748,0.1636703461,0.1372586191,0.1423827559,0.1653262377,0.1557513624,0.1846409887,0.1905490905,0.1651053727,0.1536243558,0.3377865851,0.3185431361,0.1652876735,0.2183473557,0.1371243596,0.1153952926,0.1707743108,0.1882403791,0.0736377984,0.0342962258,0.206343472,0.1981463432,0.1333477497,0.3130030036,0.1457098275,0.1619390696,0.1921531707,0.1741256118,0.1691411138,0.1753606498,0.1114226058,0.1517203301,0.2014568299,0.1316244602,0.1144914553,0.1908737868,0.2167138606,0.1249029189,0.1666762978,0.0710887313,0.082429193,0.1029041708,0.1646378189,0.1405282319,0.2728884518,0.2673043311,0.2257236689,0.1445899755,0.1671869755,0.158745423,0.250833571,0.0824331865,0.0870940313,0.0660980418,0.1842494607,0.115532957,0.1214130372,0.169368118,0.1627475321,0.1511652023,0.0793600157,0.0570129082,0.1307103634,0.1477644295,0.1935793459,0.2687410712,0.1638767719,0.180618003,0.1058176681,0.1438528746,0.1892624795,0.1940531731,0.1152924448,0.1335328072,0.2148378491,0.1988293082,0.2328121513,0.1878594309,0.259509474,0.2576523125,0.0993772522,0.1453725249,0.1161329895,0.1919974983,0.2355777025,0.2083226889,0.1522610039,0.1985754222,0.1726107895,0.1822811961,0.2024632394,0.0711364001,0.1999217421,0.1667289287,0.1157390699,0.1689460278,0.1860396415,0.1954881847,0.1555098593,0.1880007088,0.1353915632,0.16351524,0.1095582843,0.1213470697,0.1625691354,0.1444590539,0.1890624911,0.1873768121,0.1412127614,0.1426295042,0.310762465,0.2821967304,0.1437595487,0.1958358437,0.1158423275,0.1081687212,0.1716166288,0.1819449514,0.0714109764,0.0337777771,0.2030176967,0.1972926408,0.1171205491,0.2973274589,0.1466927975,0.1582769901,0.1849252582,0.1684040874,0.1623077244,0.1768295616,0.1193216592,0.1317027062],[0.0,0.2654321492,0.19486247,0.1467054337,0.178614229,0.1999488622,0.2831524611,0.2965969145,0.0496666804,0.0620160475,0.0869742334,0.2311571687,0.1877453923,0.3247682452,0.0,0.4717324972,0.2731847763,0.5588805676,0.1009210572,0.5404772162,0.203050375,0.2337728739,0.1219919324,0.253071785,0.3715619743,0.243395716,0.3186687827,0.2304648608,0.2010136545,0.1957868934,0.3354679048,0.1891196817,0.2688564956,0.1391843855,0.2111716121,0.2993293703,0.2714572549,0.202688545,0.4762880802,0.2628769279,0.2390201539,0.2295656353,0.1129552498,0.3556295633,0.2971971631,0.2731470466,0.3013567328,0.3478315175,0.4114118516,0.1657182425,0.2702471316,0.2179923207,0.3170959055,0.5402283072,0.3548293114,0.3487538695,0.3652917743,0.2385776639,0.2714736164,0.3567992151,0.1902617216,0.4603375793,0.2841774225,0.0663977414,0.133990258,0.2504811585,0.238068521,0.2335739881,0.3140293658,0.1924736649,0.2407785803,0.1217929572,0.1447837204,0.2128606141,0.2307449579,0.3241478801,0.2843721211,0.1458031833,0.1135025173,0.4344785213,0.5487084985,0.2117883116,0.1636859626,0.2337061465,0.1233332306,0.2484528124,0.2823078632,0.0454535,0.0443732068,0.3009623289,0.2683649361,0.169585079,0.3398469687,0.1923862249,0.2190369219,0.2835857272,0.2379437834,0.2574038804,0.2322235554,0.0220083408,0.134928152,0.2140175104,0.1929779351,0.1241729259,0.1668070555,0.1816513538,0.2092415392,0.2648896873,0.0319573283,0.0540782809,0.0643619746,0.2183163911,0.180430159,0.2979470491,0.5534961224,0.372433126,0.2490644306,0.4755545557,0.0781791061,0.500688076,0.1609293967,0.2174270302,0.1059354842,0.2436375767,0.3292974532,0.1610876471,0.2883837521,0.2153372467,0.1920528412,0.1445888132,0.2383052707,0.1867108643,0.2586815953,0.1428184807,0.224933967,0.2798298895,0.2584255636,0.1784553528,0.3886854351,0.255186677,0.2215339541,0.1477362216,0.1202711537,0.3365231156,0.3147987723,0.2632944286,0.2704850137,0.3213919103,0.3633521795,0.1599267572,0.2147068679,0.2103747725,0.3114136159,0.4720660448,0.3267928064,0.2773394585,0.3524126112,0.236462608,0.2608945966,0.3292869627,0.1587065756,0.3962599635,0.2368613482,0.0311106499,0.0827883556,0.2448052019,0.2237677425,0.2339889407,0.2897055745,0.173487097,0.2335874885,0.1005279049,0.0861145109,0.202574417,0.2172624022,0.3242990077,0.27516976,0.1265902817,0.1086998954,0.4000346065,0.4919619262,0.1894644201,0.1449671239,0.2098706961,0.1264210492,0.2454703897,0.2717253268,0.0262669884,0.0377933122,0.2924550772,0.259783119,0.1477536857,0.2796342075,0.1924642026,0.2098369747,0.2561458051,0.2255448997,0.2505530417,0.230513826,0.0168375801,0.0737447515],[0.0,0.4629478157,0.1953819841,0.1425243616,0.271202445,0.1976787597,0.4457991421,0.4533319771,0.1100778431,0.1873093545,0.1617044955,0.2654975355,0.3164285421,0.2764203548,0.4717324972,0.0,0.273217231,0.5000858307,0.163890034,0.3382148445,0.3215157092,0.195592612,0.1332904845,0.2781162262,0.4753523469,0.3658195436,0.2641146183,0.2335301787,0.1913294345,0.339409858,0.4156491756,0.2198112309,0.3113001585,0.2991466224,0.247451365,0.2378858924,0.273470372,0.2889689505,0.4101364613,0.2902036607,0.3463588059,0.252892077,0.261431694,0.2653433979,0.2634226084,0.3873913586,0.3816823363,0.2630701959,0.3130328059,0.2326766253,0.3352751136,0.2281245589,0.2358020246,0.3913671672,0.2773713768,0.4912284613,0.4698612392,0.2260682881,0.2498359978,0.4688696563,0.2948453426,0.3286489248,0.2904168367,0.3135176301,0.3893086612,0.2448155433,0.2174636722,0.4697526395,0.3301509023,0.190408051,0.2313220203,0.384798944,0.2245693952,0.232697174,0.2277908921,0.2147736698,0.2405137718,0.2102366835,0.1858846694,0.4073276222,0.4178211093,0.2192784399,0.3003115356,0.2344126403,0.1464006007,0.2469180524,0.2746319473,0.0693220571,0.0649672821,0.2822051346,0.2348576486,0.470528394,0.4894401133,0.2059955448,0.2286642194,0.2793809474,0.2510083318,0.2294760942,0.2270307988,0.2129639536,0.232158944,0.3548749089,0.188811481,0.1157360226,0.2359340489,0.1668619066,0.3472298086,0.3439463675,0.0776405707,0.1548114568,0.1163719893,0.2511253655,0.2624647319,0.2224510163,0.3807682097,0.512904346,0.2332608998,0.3651829064,0.1358955055,0.3008028865,0.2242729962,0.1885555983,0.1056183875,0.2607291639,0.3669606149,0.2783226669,0.228320241,0.2187239379,0.1806802899,0.2539364994,0.2738843858,0.2016385198,0.2652442753,0.2713713944,0.2467311174,0.2143329382,0.2410541177,0.2055574059,0.3349332213,0.276291877,0.278832376,0.1925934702,0.2170811445,0.2636713386,0.276504159,0.3225080371,0.3175183833,0.2456525564,0.2913688421,0.2091306597,0.2578027248,0.2271322161,0.2339668423,0.3188656271,0.2639786601,0.3783041835,0.3526557982,0.2196857482,0.2329436392,0.357163161,0.2229690105,0.2663281262,0.2528594136,0.2373203933,0.2795675397,0.2325199395,0.2022040486,0.3044548929,0.2820394039,0.165268302,0.225913927,0.3180623055,0.1707830727,0.2299562693,0.206301555,0.2148105651,0.2348393649,0.1908261031,0.1644807011,0.3507793248,0.368050158,0.1952710003,0.2355597466,0.1935828477,0.1412711889,0.2383023947,0.2673541009,0.0483904555,0.0440059379,0.2715685368,0.2294555902,0.3845499754,0.3967536688,0.1977430433,0.2302214205,0.2551306486,0.2359921634,0.230843097,0.2205730081,0.1755337417,0.197623089],[0.0,0.2680206001,0.3631718457,0.0842905492,0.0773690641,0.0918798223,0.0747257248,0.2791759074,0.0427571535,0.0062090675,0.0513358004,0.3273334205,0.1746724993,0.1596889347,0.2731847763,0.273217231,0.0,0.3700392842,0.010090447,0.3035418391,0.1626642197,0.1844241768,0.0785705671,0.4926192462,0.0719827637,0.0327674188,0.3998491168,0.3610194921,0.248072058,0.1290739179,0.1593241096,0.3978529871,0.3937518299,0.0780395418,0.1075050756,0.3684112132,0.4367745519,0.3372940421,0.3560955226,0.3603160977,0.2963650823,0.1294664443,0.0885531232,0.2610096037,0.210988,0.2944220603,0.152607426,0.2447093874,0.2694723606,0.2220217288,0.2840802372,0.1451279372,0.2449621707,0.3918573558,0.3902881444,0.1303061694,0.1082259938,0.296413