[[0.0,0.0,0.0,0.0,0.0,0.0,0.0,0.0,0.0,0.0,0.0,0.0,0.0,0.0,0.0,0.0,0.0,0.0,0.0,0.0,0.0,0.0,0.0,0.0,0.0,0.0,0.0,0.0,0.0,0.0,0.0,0.0,0.0,0.0,0.0,0.0,0.0,0.0,0.0,0.0,0.0,0.0,0.0,0.0,0.0,0.0,0.0,0.0,0.0,0.0,0.0,0.0,0.0,0.0,0.0,0.0,0.0,0.0,0.0,0.0,0.0,0.0,0.0,0.0,0.0,0.0,0.0,0.0,0.0,0.0,0.0,0.0,0.0,0.0,0.0,0.0,0.0,0.0,0.0,0.0,0.0,0.0,0.0,0.0,0.0,0.0,0.0,0.0,0.0,0.0,0.0,0.0,0.0,0.0,0.0,0.0,0.0,0.0,0.0,0.0,0.0,0.0,0.0,0.0,0.0,0.0,0.0,0.0,0.0,0.0,0.0,0.0,0.0,0.0,0.0,0.0,0.0,0.0,0.0,0.0,0.0,0.0,0.0,0.0,0.0,0.0,0.0,0.0,0.0,0.0,0.0,0.0,0.0,0.0,0.0,0.0,0.0,0.0,0.0,0.0,0.0,0.0,0.0,0.0,0.0,0.0,0.0,0.0,0.0,0.0,0.0,0.0,0.0,0.0,0.0,0.0,0.0,0.0,0.0,0.0,0.0,0.0,0.0,0.0,0.0,0.0,0.0,0.0,0.0,0.0,0.0,0.0,0.0,0.0,0.0,0.0,0.0,0.0,0.0,0.0,0.0,0.0,0.0,0.0,0.0,0.0,0.0,0.0,0.0,0.0,0.0,0.0,0.0,0.0,0.0,0.0,0.0,0.0,0.0,0.0,0.0],[0.0,0.0,1.6912581921,1.7103751898,1.4927581549,1.7895829678,0.7592459321,0.2149046659,1.4160487652,0.3821273446,1.2074177265,0.0024224001,0.6923756599,1.8578307629,1.7122989893,1.5814708471,0.0940510482,0.7253913283,1.4005715847,0.3168505728,0.8499020934,1.36658144,1.4253165722,0.3874947727,0.988858819,0.0778016895,0.0200280193,0.0169851203,0.00019201,0.5207492113,0.324834317,0.0184224006,0.1846610159,0.1592798531,0.4835833311,0.0050718202,0.00036242,0.3136306107,0.2393703908,0.5538099408,0.9415735006,1.8651561737,1.3646533489,0.9788278937,0.855858922,0.2635108531,0.1906396449,1.7136031389,1.570745945,1.8029139042,1.0044865608,0.3255973756,0.4923169315,0.0529708117,0.2573330402,0.1327083409,0.0453960001,0.0059801298,0.0084956996,0.0664277971,0.1811605841,0.0060641002,0.0,1.3330869675,1.522354126,0.0782337636,0.9911686778,1.5468965769,0.9905584455,0.0,0.001029,0.1860379726,0.3781204522,0.553355217,1.081618309,0.1003842279,0.2902950644,0.4950430393,0.8488013744,1.4365395308,1.0322306156,0.2106689215,0.8560886383,0.7417241335,1.1862237453,0.0,0.0,1.4327932596,2.0407817364,0.1207662374,0.3956330419,1.6942119598,1.8407660723,0.00020057,0.00014823,0.0153395003,0.0348909795,0.1695401073,0.00075245,0.6496237516,0.28154248,1.5300353765,1.9120827913,1.6207277775,1.4044017792,1.7294412851,1.0094745159,0.5809606314,1.6893587112,0.2325957417,0.9835056067,0.00079016,0.925634563,1.8631526232,1.5980155468,1.4607592821,0.2165133357,0.554893136,1.3683228493,0.1327148974,0.8789829016,1.6068857908,1.9044266939,0.4357073903,0.5969433188,0.0508217216,0.0136226397,0.0136781,0.0,0.9044038057,0.7104132175,0.0136944,0.1353189945,0.0353393294,0.2609080672,0.0129824504,0.00064354,0.5215908289,0.3239574134,0.1364272833,0.4023285508,1.7234387398,1.3599469662,0.7505145073,0.7373803854,0.1003105193,0.0602392182,1.5353022814,1.5168625116,1.894174099,1.0588548183,0.2508400381,0.3884941936,0.0106146839,0.0459554717,0.2567685544,0.0448562987,0.0,0.00071451,0.0683935732,0.4628684819,0.0190756004,0.00062812,1.2857283354,1.4660968781,0.083352901,0.7940765023,1.1547522545,0.6606317163,0.0,0.00055165,0.1540944874,0.3464587033,0.5780448914,1.2091747522,0.0776015967,0.1091187,0.7305015922,1.1293189526,1.1896537542,0.5268708467,0.2740982771,0.4736120999,0.737195909,1.3383965492,0.0097065996,0.0052815001,1.3154462576,1.9783053398,0.132920742,0.2904190123,1.4192699194,1.5638092756,0.0,0.0,0.0094448803,0.0231737196,0.0963725597,0.0,0.8413018584,0.3391865492],[0.0,1.6912581921,0.0,1.3663388491,1.0271449089,1.4446115494,0.6182808876,0.2523895502,2.1167302132,0.6091960669,1.4155725241,0.00091955,0.7565410137,1.6778966188,1.2128099203,1.102208972,0.126833573,0.8851143718,1.805482626,0.4228623211,1.3262523413,1.3431084156,1.1829417944,0.309042573,1.0611112118,0.1128423437,0.00727577,0.0124409003,0.0,0.8103179932,0.5551543832,0.0117681399,0.281050086,0.1800309569,0.4522179663,0.0035579,0.0,0.5306255221,0.3588905036,0.3057305217,0.5580692887,1.5681353807,1.1392383575,0.6068815589,0.5155337453,0.4259917438,0.246617049,1.3353520632,1.0456812382,1.588683486,1.3928072453,0.1211173609,0.2298486233,0.0338595212,0.2986410558,0.1821621507,0.0358380713,0.0,0.0059519,0.05436638,0.3141792417,0.0,0.0,1.2149728537,1.3092644215,0.0195730999,0.7536172271,1.3951119184,1.0638002157,0.0,0.0,0.322091639,0.5757329464,0.488142848,1.3055582047,0.0567434616,0.1480163038,0.6788818836,1.139765501,0.9923724532,1.0791209936,0.2272471637,0.9480190873,0.9676067829,1.2820585966,0.0,0.0,1.5401685238,1.7078495026,0.0264174193,0.1950104535,1.6343634129,1.6170597076,0.0026203,0.0,0.0197547991,0.0076844702,0.0408562608,0.0,1.0819563866,0.5078871846,1.1960952282,2.3174962997,1.2561311722,1.0220149755,1.2800121307,0.8269234896,0.6755325794,2.0440249443,0.4438663125,1.2762264013,0.0,0.8085688949,1.5728242397,1.1614296436,1.070690155,0.2730547488,0.6752859354,1.7552396059,0.0925050005,1.3247741461,1.5599471331,1.5494600534,0.3944039941,0.5082047582,0.0766216815,0.0057135201,0.0245487001,0.0,1.3595836163,1.0719149113,0.0061623845,0.2032030374,0.0121688833,0.2644345164,0.0117597999,0.0,0.8616440296,0.5118495226,0.0465261787,0.2849369049,1.4475827217,1.1083439589,0.4135999084,0.422599256,0.1312423795,0.057688199,1.1134684086,1.0464682579,1.5916517973,1.4755119085,0.0791082308,0.1443837583,0.0180145092,0.0517979041,0.378767699,0.0483895093,0.0,0.0,0.1250646412,0.6622875333,0.0230394509,0.001136,1.1194947958,1.4094010592,0.0298073497,0.635260582,1.2016842365,0.6440018415,0.0,0.0,0.2909008861,0.6117817163,0.4558959305,1.2781755924,0.0245696399,0.0235764794,1.031947732,1.5575225353,0.8525409102,0.4388173223,0.3421252668,0.4776911139,0.9173755646,1.5423681736,0.0029467,0.0,1.6056096554,1.8453863859,0.0358891003,0.1159042567,1.2744166851,1.2403074503,0.0,0.0,0.0064711999,0.0017746,0.0233224407,0.0,1.3184708357,0.5929145217],[0.0,1.7103751898,1.3663388491,0.0,1.8964114189,2.0412237644,0.8782675266,0.1759059131,1.1290311813,0.3250591755,1.2031899691,0.0018095,0.6718908548,1.9358674288,2.155030489,1.9775958061,0.0712283179,0.4835665226,1.0855249166,0.3146058619,0.5728229284,1.3036310673,1.6706308126,0.412797004,0.9020847678,0.0122788399,0.0,0.0081404997,0.00023239,0.3251426518,0.2382400334,0.0,0.0582378209,0.1285981238,0.393221736,0.0102479998,0.0,0.1771998256,0.1445159465,0.7888557315,1.1168123484,1.8860487938,1.5984443426,1.3947045803,1.2587678432,0.1464828104,0.1807607412,1.8000817299,2.046585083,1.9684531689,0.6822283268,0.5581911802,0.7270851135,0.0319572687,0.1650137454,0.0690927207,0.0142465001,0.0106514003,0.0053029,0.032053899,0.1024232432,0.0114150299,0.0,1.4730407,1.6832588911,0.1284194738,1.1795227528,1.6849881411,0.714279294,0.0,0.0,0.0540094376,0.1909937263,0.5694414973,0.862118125,0.1127737164,0.4694161415,0.4229633212,0.6907522678,1.8582453728,0.8884268403,0.1573632807,0.8098250031,0.562095046,1.2402671576,0.0,0.0,1.3443762064,1.9334127903,0.2699361444,0.544357121,1.6111209393,1.6691995859,0.0021826001,0.0,0.0255792998,0.0824534073,0.293027252,0.0060025002,0.3992485404,0.1467970461,1.850384593,1.5977783203,2.1892023087,1.8713885546,2.130767107,1.2054131031,0.5136997104,1.348256588,0.2310308069,1.0259817839,0.0032065001,1.0458120108,2.0363283157,2.0168828964,1.8385426998,0.1993269026,0.4056146145,1.0600805283,0.1387675852,0.5823453665,1.6086364985,2.0369608402,0.4279035032,0.6702479124,0.0132315001,0.0,0.0039304802,0.0,0.6469069719,0.5729427338,0.0,0.0450877286,0.0336580984,0.2392345965,0.0216964707,0.0,0.3600009978,0.2405903935,0.2308933735,0.4612644613,1.8513005972,1.6590104103,1.0895699263,1.1161718369,0.0292305499,0.075846903,1.629904747,1.8739987612,1.873494029,0.7099328041,0.4644937217,0.5969361067,0.0,0.0126288896,0.1565988064,0.0198154803,0.0,0.001548,0.0646478981,0.2826582491,0.0207399894,0.0,1.5789529085,1.4725928307,0.1813967526,1.0631108284,1.1712412834,0.5917679071,0.0,0.0,0.0580189787,0.2091217637,0.5745012164,0.992226541,0.094192259,0.220396623,0.6428979039,0.9616280794,1.5968704224,0.5201563835,0.2144237161,0.5177801847,0.5830582976,1.2801481485,0.0061646001,0.0046226,1.1495811939,1.7494521141,0.2961235046,0.4138013721,1.343093276,1.6398160458,0.0016885001,0.0,0.0163713899,0.0425223596,0.2267144471,0.0113450997,0.5623469949,0.1939520836],[0.0,1.4927581549,1.0271449089,1.8964114189,0.0,1.9016246796,1.0362727642,0.2339632511,0.8471064568,0.2205338925,0.9392356277,0.0023658799,0.539647162,1.6670224667,2.236790657,2.1670274734,0.0891590193,0.3844253719,0.821673274,0.2598426342,0.3766076863,1.2134861946,1.7061812878,0.457914114,0.8816040754,0.0209449157,0.0095074577,0.0084412796,0.00334906,0.1950979531,0.1840345412,0.0088235997,0.0315359049,0.1185486466,0.3451479077,0.0133592999,0.0018227,0.1219194755,0.1616334319,1.0137706995,1.3067091703,1.7235063314,1.6264612675,1.7427881956,1.5865459442,0.1156111732,0.1695396006,1.8303135633,2.177264452,1.6895924807,0.5072101951,0.769988656,0.9411327243,0.0369576328,0.1577952206,0.0861049294,0.0463581011,0.0277899299,0.0112399599,0.0522930995,0.0806320608,0.0274430607,0.0065933,1.4647494555,1.699973464,0.2315076441,1.2416459322,1.6376829147,0.6603623629,0.0014802,0.0028335999,0.0432073697,0.1283773929,0.5192667842,0.6142505407,0.1354943961,0.5943340659,0.3330057859,0.5504755974,2.1346588135,0.7537198663,0.1481228769,0.7609956861,0.3974027634,0.972209394,0.0038598001,0.0077946601,1.1936181784,1.5214109421,0.3777484298,0.7144502997,1.3874489069,1.4225772619,0.0052891099,0.0023246999,0.0373417251,0.1190548912,0.4455841482,0.0143732,0.2629285455,0.0915690362,1.8362588882,1.222997427,1.9086767435,2.1718912125,1.9203753471,1.3785407543,0.4865359962,1.0565676689,0.1209104434,0.7524930239,0.0057708002,1.1249408722,1.8134878874,2.1677958965,2.0131258965,0.1577454209,0.3339724243,0.7967844009,0.1579397023,0.380636394,1.4135756493,1.8105409145,0.4502683878,0.7050856948,0.0182809997,0.0106880004,0.0,0.001504,0.4477558732,0.4326145947,0.0050088,0.0347984508,0.0387686007,0.2458852679,0.0367758498,0.0029539,0.2319511324,0.2027477771,0.3354433477,0.5748302341,1.7135862112,1.7330012321,1.3727101088,1.4320167303,0.0373063907,0.0836649016,1.7146089077,2.091953516,1.6732332706,0.5157642365,0.6540251374,0.7770748138,0.0100640999,0.0155932,0.1049318537,0.0478589982,0.00092312,0.0063081998,0.0520169102,0.1921955645,0.0101865996,0.0053868,1.6422559023,1.4714195728,0.2696200311,1.1245331764,1.1157162189,0.5080131292,0.0023957,0.0043930002,0.0402876996,0.1469730288,0.5965114236,0.7483437061,0.1426888853,0.2935866416,0.4857607186,0.7271126509,1.8626016378,0.5453782678,0.1785234958,0.4927926362,0.4642774463,0.9783109426,0.0099148098,0.0101773096,0.928988874,1.4129319191,0.4177206755,0.5593552589,1.2913041115,1.6637657881,0.0107653998,0.0028178,0.0303866006,0.0657421798,0.3122371733,0.0274082795,0.3662431538,0.1112139076],[0.0,1.7895829678,1.4446115494,2.0412237644,1.9016246796,0.0,1.0303081274,0.2190427631,1.2133104801,0.3555191159,1.184587121,0.000200849,0.7021155953,2.1804010868,2.4211227894,2.1445262432,0.0982750803,0.5361115336,1.1492781639,0.3168494999,0.5956652761,1.4841918945,1.9242562056,0.433062762,0.9968294501,0.0125506399,0.0,0.0087686004,0.0,0.3257585168,0.2474354655,0.0,0.0693631694,0.1186128408,0.373713851,0.0108399997,0.0,0.1856019199,0.1797566563,0.7695489526,1.1147840023,2.1751356125,1.7875058651,1.3288476467,1.1578024626,0.1585218012,0.190885514,1.8535470963,1.9694291353,1.9184818268,0.7489897013,0.4980985224,0.6584215164,0.0318458006,0.1727419049,0.0563072413,0.003367905,0.0143921003,0.0015095,0.0355476998,0.1166649908,0.00660221,0.0,1.6104530096,1.867410779,0.1216863915,1.1173788309,1.8381295204,0.7864800096,0.0,0.0,0.0617007315,0.2051724344,0.519033134,0.8413835764,0.0876382813,0.383772999,0.4725146592,0.7389205098,1.9765738249,0.9706503749,0.1980475336,0.8914551139,0.5462626219,1.0969488621,0.0,0.0,1.4674447775,1.8616396189,0.1989088953,0.4860700369,1.6925923824,1.7350383997,0.0,0.0,0.0240125991,0.0663385987,0.2694060504,0.0035416,0.4386583567,0.1591222882,1.9046982527,1.6437295675,2.0272037983,1.7946974039,2.4595966339,1.3113100529,0.6311260462,1.46025455,0.2024912089,1.0487478971,0.0032663001,1.1624299288,2.4224991798,2.2138268948,1.9673637152,0.2180312127,0.468839407,1.1750708818,0.1544151455,0.6272912621,1.8386304379,2.1332585812,0.4471178055,0.7275037169,0.0140648,0.00073097,0.0068442002,0.0,0.6866238117,0.6440343261,0.0,0.0401531085,0.0199616998,0.2462249845,0.0193189997,0.0,0.3903039098,0.2552249432,0.1873605996,0.4901225865,2.0882079601,1.7744700909,1.0134875774,1.0313909054,0.0328463502,0.0550796315,1.6695948839,1.8365548849,1.88549757,0.7855407,0.390434593,0.5310739279,0.0008342,0.0192711893,0.1453547776,0.0167500991,0.0,0.00060636,0.0710024983,0.3533663452,0.0194118991,0.0,1.6927447319,1.6597019434,0.1590252221,0.9927946329,1.2254878283,0.5510417223,0.0,0.0,0.0617504008,0.2287595272,0.5770782828,0.9660089612,0.0915507972,0.1855955422,0.651753962,1.0465385914,1.6566487551,0.585152328,0.2211333066,0.4962155819,0.5954390168,1.2029434443,0.0067059002,0.0041278,1.2991893291,1.7999396324,0.2502973676,0.3597214818,1.4978228807,1.7575196028,0.0,0.0,0.0220155306,0.0273918193,0.1796894968,0.0054084002,0.6176018119,0.2162685692],[0.0,0.7592459321,0.6182808876,0.8782675266,1.0362727642,1.0303081274,0.0,0.4582347274,0.6051707268,0.3566166461,0.6929829121,0.0360458307,0.6429514289,1.021178484,1.1774728298,1.2196209431,0.2330224514,0.2799064517,0.653303206,0.1748165786,0.3359614313,1.0233970881,1.2510254383,0.5282943249,0.6069356799,0.1176516935,0.0835716799,0.0819115937,0.0546071827,0.2967609167,0.4050380588,0.068554312,0.1114666387,0.09190806,0.2747552693,0.0661644191,0.0526068099,0.2214439064,0.2757690549,0.782387495,0.8263657689,0.9946489334,1.3140749931,0.9331032634,0.8479533195,0.1731996983,0.173161,0.8195443749,0.9713354111,0.8066539168,0.3383932412,0.4547371864,0.4771702886,0.0851390734,0.1628770232,0.13341178,0.118420437,0.0660720691,0.0543311983,0.1734565049,0.2461353093,0.1181299463,0.0592689887,1.2924822569,1.1984461546,0.1572087556,0.5692631006,0.9397546649,0.4293423891,0.0537923798,0.0537137799,0.1159365773,0.1820814461,0.248789072,0.3604727387,0.1029861793,0.3090027571,0.5815487504,0.5397194028,1.1727552414,0.479841888,0.2652936876,0.8399385214,0.2733664215,0.4550985396,0.0406098999,0.0457506888,0.8622689247,0.7358556986,0.2571558952,0.4000335634,0.7922062278,0.7459480762,0.0440841392,0.0501201786,0.0418211594,0.1297992468,0.2483182997,0.0390342399,0.2887748778,0.148220703,0.9288049936,0.6950269341,0.9388638139,0.9758706093,1.0049237013,1.5268815756,0.6759651899,0.6805339456,0.2866845429,0.6087495089,0.0607059412,1.0823192596,1.082881093,1.2442314625,1.2924079895,0.3305500448,0.2837754786,0.6657050848,0.1388230622,0.3587376177,1.0834308863,1.0324391127,0.46150738,0.5425699949,0.1013219282,0.0786436871,0.0639659166,0.0470744707,0.411434114,0.5260264874,0.064945437,0.0915281177,0.0596762709,0.1829830706,0.0879477635,0.0573807098,0.2899430692,0.261323303,0.2892405093,0.495167613,1.1525746584,1.3391821384,0.8060840964,0.8284078836,0.0978865921,0.1185974628,0.8180348277,0.9377817512,0.8239498138,0.3686564863,0.3921624422,0.4086176157,0.0583652444,0.0759779885,0.1620747447,0.1300314069,0.0579300486,0.0604751892,0.1910648346,0.3023922145,0.0841133595,0.0621295087,1.4066177607,1.1436817646,0.1900949776,0.6308768392,0.737542212,0.356002897,0.0531056896,0.0537897982,0.1165397242,0.2360227555,0.3073163629,0.361962527,0.0823725015,0.2216980904,0.4949894547,0.6070033312,1.2357692719,0.4426934719,0.2600513995,0.6631096005,0.340834707,0.4706532657,0.0322502144,0.0473809503,0.7537860274,0.7649302483,0.2899004221,0.3198740184,0.7854068279,0.7836248875,0.0453194194,0.0457686894,0.048259709,0.0693647638,0.1893476248,0.0295267701,0.3483634293,0.1604949683],[0.0,0.2149046659,0.2523895502,0.1759059131,0.2339632511,0.2190427631,0.4582347274,0.0,0.295729965,0.8338882327,0.4062003791,0.2145080864,0.6317619681,0.2499211282,0.24612692,0.2436195761,1.1769263744,0.4749058485,0.3367848694,0.6031051874,0.4773586988,0.3352096379,0.2498048842,0.615534544,0.3971954584,1.0327628851,0.9698058963,0.6491871476,0.4392997921,0.7526414394,1.087610364,0.8337594271,0.8628727794,0.4694936872,0.4477396011,0.4281928539,0.5141896605,0.9533184171,1.2161545753,0.1553342044,0.2440606058,0.2648183107,0.2456100732,0.1673900932,0.1591078937,0.7906755805,0.8364158273,0.2058537006,0.1991053671,0.2046895474,0.3937883973,0.0919437036,0.1011938006,0.7980107665,0.7627496719,0.9013733864,1.0061371326,0.3016733527,0.2996315658,1.213539362,1.1278448105,0.5866400003,0.4689408839,0.2921714783,0.2475003004,0.0465716682,0.1436010748,0.2695983946,0.5159387589,0.5735754371,0.5704884529,0.8331323862,0.7674928308,0.3531285524,0.3471377194,0.1653524637,0.1284147799,0.7784078121,0.5223368406,0.2230803668,0.4580318332,0.7068311572,0.6207973361,0.4314922392,0.2576137781,0.2589500546,0.1887921095,0.3023330867,0.1878950149,0.0409336351,0.0649648607,0.2407873869,0.2409214377,0.3788676262,0.4046223462,0.1739425808,0.1255199164,0.0549775288,0.0970894024,0.5883049369,0.8535336852,0.2332378626,0.2232812345,0.2096476406,0.181849435,0.1754446477,0.3000875115,0.8335494399,0.2797262669,0.9954327941,0.4433289468,0.3088494539,0.4745251238,0.2540822625,0.2500175536,0.2462694049,0.775803268,0.6377393007,0.3744804263,0.6394091249,0.431365937,0.2486553192,0.2221350074,0.4768239856,0.4647095799,1.0312672853,0.8561775088,0.5721750259,0.4689383209,0.44577986,0.5866815448,0.7219483256,0.9086216092,0.5933735371,0.4681085348,0.4158414304,0.5067687035,0.6493555307,0.9683964252,0.0996194109,0.2181188166,0.2431486696,0.234146446,0.1450019032,0.1482852995,0.9505343437,0.8702309132,0.1998394728,0.2036933899,0.1970216185,0.3902296722,0.0763972625,0.0646896288,0.6811844707,0.8370499015,0.7681507468,1.0455694199,0.2916855514,0.2818071246,1.0755234957,0.796643436,0.5396102071,0.5079101324,0.2491697967,0.2618117929,0.0655513629,0.2145867497,0.2880334854,0.5095057487,0.5300161839,0.5306205153,0.8975089788,0.7161442041,0.2942956388,0.304718107,0.0926062018,0.1228706464,0.5495538712,0.3522681892,0.2140022814,0.4828080237,0.7547992468,0.6843368411,0.4029895365,0.2102742642,0.2217844278,0.1901174039,0.3407482505,0.2251632363,0.0616576001,0.0635680333,0.269960463,0.1848049164,0.3865841329,0.4243800938,0.229746148,0.1060237363,0.0418569371,0.1187433749,0.4732983112,0.7728052735],[0.0,1.4160487652,2.1167302132,1.1290311813,0.8471064568,1.2133104801,0.6051707268,0.295729965,0.0,0.6668123007,1.4331713915,0.0,0.7743287683,1.4268436432,0.9807235003,0.9023538828,0.1529621035,0.9400287271,1.9827127457,0.3960196376,1.5005333424,1.3484694958,1.045758009,0.2814270556,0.9966821671,0.1546267122,0.0053321398,0.0102321003,0.0,0.9861420393,0.6299179196,0.0023220801,0.3358680606,0.1782722026,0.4902960956,0.0,0.0,0.6351086497,0.4322760105,0.2235604972,0.4396086335,1.354318738,1.0018428564,0.4482098222,0.3654967248,0.5439686179,0.2731556594,1.0512430668,0.8307324052,1.2678207159,1.5087778568,0.0682256669,0.1312153637,0.0454042703,0.328625083,0.2366642356,0.0464233048,0.0,0.0042114002,0.0648591593,0.3880831599,0.000225963,0.0,1.1720541716,1.1409058571,0.0086594997,0.5579171777,1.239664197,1.0647623539,0.0,0.0,0.4210524559,0.6717818975,0.4191065729,1.3425348997,0.0442428999,0.0834586471,0.7508023977,1.3410294056,0.8277804852,1.0571068525,0.2302085012,0.9265015721,1.0270496607,1.1499233246,0.0,0.0,1.4936478138,1.3935723305,0.0153248096,0.1094164401,1.3724956512,1.2966552973,0.00089339,0.0,0.0082283998,0.00261911,0.0195498206,0.0,1.2698773146,0.6175311208,1.015258193,1.8870457411,1.0643062592,0.8461934924,1.076816678,0.7800621986,0.7702405453,2.0635099411,0.4881437123,1.2638936043,0.0,0.7658007741,1.2766895294,0.9247559309,0.8856962919,0.2953127325,0.7439716458,2.0319156647,0.0678394809,1.5832772255,1.4034365416,1.2327573299,0.3993724585,0.4193003476,0.0935393199,0.0014947,0.0279855002,0.0,1.5474729538,1.2583633661,0.0,0.2689144909,0.0068240399,0.2825154364,0.0057613002,0.0,1.0269056559,0.5754098892,0.0290279929,0.2449904829,1.177639246,0.9590456486,0.2781500816,0.2873067558,0.1827950478,0.0726824477,0.9026365876,0.8324865103,1.2510341406,1.546210289,0.0417578183,0.0809885338,0.0111658899,0.052841261,0.4151034653,0.0443734117,0.0,0.0,0.1641069651,0.8058114052,0.0158486199,0.0,1.0047519207,1.2924187183,0.0157839004,0.5212518573,1.1115163565,0.6874774694,0.0,0.0,0.3666889668,0.6854102612,0.4676011503,1.2562175989,0.0102026304,0.0138361696,1.1863888502,1.6231893301,0.7011649013,0.3790690005,0.3739283681,0.5286999345,0.9139022231,1.4029603004,0.002877,0.0,1.6919293404,1.5260010958,0.0178443361,0.0755250007,1.2124419212,1.0819506645,0.0,0.0,0.0018845,0.00028523,0.0154793998,0.0,1.5047990084,0.7224749923],[0.0,0.3821273446,0.6091960669,0.3250591755,0.2205338925,0.3555191159,0.3566166461,0.8338882327,0.6668123007,0.0,0.6381007433,0.0586227365,0.6317903996,0.4216180444,0.2877683938,0.2759307027,0.7691202164,0.8439508677,0.6653379798,0.6460794806,0.8534097672,0.5172195435,0.3471075296,0.3352012634,0.5068580508,1.0925135612,0.6755506992,0.3522315621,0.2163422257,1.3421663046,1.3092947006,0.5532774329,1.0158461332,0.5000701547,0.4764084518,0.1982486993,0.2418790609,1.1976195574,1.1893854141,0.1026867777,0.1464231759,0.398293525,0.3079334497,0.1279734522,0.1126275137,0.9901987314,0.7649549842,0.2710898817,0.2242193371,0.3878696263,0.7832218409,0.0319026001,0.0346492305,0.6501379609,0.8827447891,0.8665109277,0.7907372117,0.1243562773,0.124075681,0.7613893151,1.0167068243,0.2885004282,0.2270406783,0.4071628153,0.3544449508,0.0128585603,0.131706506,0.370510906,0.6317614913,0.3047999144,0.3163235188,1.2451268435,1.0241987705,0.3620026708,0.55493325,0.0747117475,0.0626121685,1.0055772066,0.8572223186,0.2445298284,0.6263613701,0.5320538282,0.7154014111,0.6705784798,0.4671782851,0.0955336019,0.0623959899,0.4968795478,0.3800470829,0.0076545002,0.0456502996,0.4407713115,0.422296226,0.1756522655,0.1571531594,0.0608073287,0.0322984718,0.0129013304,0.0129037136,0.9969097376,1.2575778961,0.2874616683,0.5380134583,0.3124565184,0.2030420154,0.2969377637,0.2950578034,0.8453110456,0.5919795632,1.4476046562,0.701172471,0.1191020608,0.4009599984,0.3947555721,0.2705614269,0.2615712881,0.7241467237,0.8719623089,0.6675551534,0.4522615671,0.8968426585,0.4587629437,0.3544027805,0.4896762371,0.5424135923,0.9819101095,0.5782827139,0.3307659626,0.210940823,0.9279020429,1.046459198,0.4295189679,1.0096921921,0.3397231102,0.3631644547,0.1935812682,0.2429866791,1.0747466087,1.0815200806,0.0331831016,0.1718622148,0.3667605221,0.2772467732,0.0832644477,0.098138161,0.9426524639,0.5924316645,0.2231543809,0.2206826359,0.354783535,0.7143722773,0.0328613482,0.0295236409,0.4721481204,0.6548931003,0.8465012908,0.8120418787,0.1222065538,0.1078490019,0.8105111122,0.9314395785,0.3234443367,0.2583657801,0.2870962024,0.3936074674,0.0185656007,0.2423918843,0.4341608584,0.7598649263,0.2654493749,0.2683651745,1.2333084345,1.0548477173,0.2739555538,0.5735988021,0.0261298809,0.0339815505,0.9480805993,0.7875138521,0.248441726,0.3899545968,0.811874032,0.8042333722,0.7205466032,0.5132988691,0.0815316886,0.0548349917,0.6196835637,0.4354394078,0.0165392496,0.0117493402,0.4302692711,0.3410680294,0.1910877526,0.1919784397,0.0923700109,0.0342302918,0.0123166498,0.0234232079,0.9124294519,1.2044531107],[0.0,1.2074177265,1.4155725241,1.2031899691,0.9392356277,1.184587121,0.6929829121,0.4062003791,1.4331713915,0.6381007433,0.0,0.0080148997,0.6746251583,1.4561901093,1.1131923199,1.0224015713,0.2693423331,0.8652651906,1.314589262,0.4008446932,1.0477315187,1.217269063,1.0445231199,0.3529141843,0.8092951179,0.2919766307,0.1214554533,0.0507976152,0.0100241005,0.8196539283,0.6069545746,0.0910992995,0.37186867,0.1878523529,0.459184289,0.0291887596,0.0253837705,0.6183444858,0.508274138,0.3190532029,0.5370898247,1.313770175,1.0220690966,0.5624108315,0.499592185,0.5396875739,0.3595705926,1.0021387339,0.9193511605,1.2480448484,1.04152143,0.1892264932,0.2512600422,0.1740455329,0.4098200202,0.3560527861,0.1715721488,0.0163113493,0.0130217997,0.158496201,0.4538546503,0.0424943194,0.0228787009,1.1782178879,1.1389067173,0.0313051827,0.5969927907,1.1134285927,1.0557397604,0.0323828608,0.0334849805,0.4902687073,0.6106674075,0.4109993279,1.0029945374,0.0416546986,0.140342623,0.7348459363,1.2467198372,0.925346911,0.7890289426,0.2810831964,1.0377428532,0.8724206686,1.0673736334,0.0077272402,0.0016134999,1.2314141989,1.3020915985,0.054418616,0.1761775613,1.2735331059,1.1259970665,0.0194511246,0.0162731595,0.0261610262,0.0272498894,0.0681289658,0.001755,0.9646806717,0.624489665,1.0213625431,1.492138505,1.1377383471,0.9090259671,1.1547812223,0.8318704367,0.6941506863,1.424700141,0.5640064478,1.3430814743,0.0099063702,0.7931364775,1.3392196894,1.0519065857,1.0028378963,0.3582811058,0.690605104,1.3793610334,0.0949742422,1.1233445406,1.2788653374,1.2605128288,0.3886396289,0.4568544924,0.2535322607,0.0926598981,0.0647704825,0.0234601442,1.0564880371,0.9540914297,0.0531791598,0.3359678686,0.0656442121,0.3149883151,0.0302359704,0.0232436005,0.8234376907,0.6040517092,0.0735707581,0.3544221222,1.2320520878,1.0638717413,0.3953035176,0.4270120859,0.2758610845,0.179725036,0.9265697598,0.910925746,1.3049772978,1.0987173319,0.1336600333,0.1806456596,0.0757079571,0.1500260383,0.457729876,0.1754541695,0.0054753302,0.0077747311,0.1992563158,0.6661174893,0.0428120606,0.0308526903,1.0608569384,1.1741324663,0.0455538481,0.5873188972,0.9872207642,0.6660889387,0.0263378303,0.0262860991,0.4763968885,0.6632338166,0.4324215353,0.988901794,0.0235152468,0.0578238182,1.1225566864,1.50192976,0.812885046,0.3201708198,0.4282979667,0.6593350768,0.753518939,1.2376235723,0.00155288,0.00090714,1.3008571863,1.3189063072,0.0752178505,0.1267668605,1.1082566977,1.0759912729,0.0197094996,0.0144648897,0.0083181905,0.0063216998,0.0590450503,0.0032748999,1.095380187,0.6764324307],[0.0,0.0024224001,0.00091955,0.0018095,0.0023658799,0.000200849,0.0360458307,0.2145080864,0.0,0.0586227365,0.0080148997,0.0,0.1712916046,0.0,0.0021309,0.0023242,0.4645471275,0.0141393663,0.0,0.1847746521,0.0,0.0051393299,0.000610367,0.413731724,0.0355958566,0.1255376339,0.5087607503,0.9847412705,1.436740756,0.0115232803,0.0550101623,0.6513592601,0.0752822533,0.5006224513,0.3587245941,1.3504208326,1.4574321508,0.0282564498,0.0798779577,0.2891531289,0.1378366947,0.00091686,0.0034080199,0.02051026,0.0393309742,0.0304903612,0.1967211664,0.0106490003,0.00129819,0.00548214,0.0,0.3075718284,0.1999940723,0.4244597852,0.1682158709,0.2042277455,0.3760287762,1.5192726851,1.5962910652,0.4986239076,0.1491894126,1.1519761086,1.4168627262,0.00157051,0.0,0.8933132291,0.183837533,0.0012143,0.0212430991,1.2627362013,1.1733514071,0.0173572302,0.0317386501,0.3990475535,0.0060765198,1.1532659531,0.6032217741,0.0279984102,0.0029178199,0.0035198999,0.0503169596,0.4663035572,0.0269393492,0.0144437701,0.0027137899,1.8998521566,1.8884539604,0.0015051001,0.0,0.6958319545,0.351310879,0.0,0.0119477799,1.5177794695,1.6306331158,1.4042515755,1.2517155409,0.577989161,1.6303195953,0.0,0.0216955934,0.0085352426,0.0,0.0058690999,0.0198446009,0.0076350002,0.0164172184,0.0941536874,0.0031898001,0.0702723935,0.0262853801,1.935028553,0.1048064008,0.00020212,0.0019838,0.003035737,0.3244798183,0.054432191,0.0,0.5403219461,0.0036830001,0.0,0.0,0.3713756204,0.1784792244,0.1846302897,0.588265121,1.1087946892,1.5450683832,0.0029412,0.001965435,0.8729533553,0.1623127013,0.9663208723,0.6381751895,1.3079280853,1.396736145,0.0151481302,0.082583487,0.910531342,0.7293890119,0.0017144,0.0025893,0.0610917583,0.0741069391,0.1714832932,0.5143006444,0.0282998402,0.00182197,0.0074366401,0.0028675001,0.3963883221,0.3354479969,0.6888358593,0.4666220844,0.1122843996,0.3758644164,1.7376922369,1.6521724463,0.3342831731,0.0739897564,1.0876514912,1.3878974915,0.001523,0.0,0.9009478092,0.2342818975,0.0415404812,0.0666209683,1.3484482765,1.2472474575,0.03177955,0.0277263895,0.2628564537,0.00068228,1.3262953758,1.0027569532,0.0096187899,0.0,0.0124049,0.2661349475,0.2300014496,0.1113925278,0.0349978991,0.0,1.9225690365,1.9655154943,0.0036104,0.00036823,0.6522224545,0.5123695731,0.0017058,0.0403450802,1.6402921677,1.6629697084,1.4575260878,1.3438487053,0.7871181965,1.7350672483,0.00088142,0.007673102],[0.0,0.6923756599,0.7565410137,0.6718908548,0.539647162,0.7021155953,0.6429514289,0.6317619681,0.7743287683,0.6317903996,0.6746251583,0.1712916046,0.0,0.7701819539,0.6865241528,0.6825789213,0.5501758456,0.4588254988,0.7700639963,0.383467108,0.6570956707,0.7649211884,0.7746191621,0.5025707483,0.5060484409,0.5325312018,0.4844820797,0.3446624875,0.2266315967,0.5971029401,0.6203767061,0.4145835936,0.5083191991,0.2540079355,0.4086206555,0.2366661131,0.2951794863,0.5625715852,0.5824505687,0.2749230862,0.3913494349,0.7625783086,0.8041533232,0.4186350703,0.3774788082,0.3843414783,0.4187240303,0.5099360347,0.5500074029,0.6545549035,0.586286366,0.1565822959,0.2019221187,0.3603090346,0.3578410745,0.5125140548,0.5335760117,0.1770680994,0.1614480019,0.6071566939,0.6865843534,0.3174885809,0.2922539711,0.7503994703,0.7510855198,0.0631982088,0.3466778994,0.6394692659,0.5631582141,0.3345963359,0.3274779618,0.5019884109,0.5444800258,0.4135046899,0.5631452203,0.1131579503,0.1416290104,0.757897675,0.6691795588,0.6335397363,0.5259628892,0.595828712,0.6986815333,0.5190681815,0.4931654334,0.1625054628,0.1173921898,0.731197536,0.625612855,0.0693549886,0.1427984238,0.6422963142,0.6441424489,0.2225687951,0.2335448712,0.1106382906,0.0828651115,0.0683896616,0.0763854086,0.6154950261,0.507271111,0.5998225212,0.7383396626,0.6067091823,0.5429419875,0.640940249,0.6644681692,0.8133823872,0.7897056341,0.6673884392,0.7210182548,0.2247811258,1.0160956383,0.7589291334,0.653275311,0.6743190289,0.6726849675,0.4502224028,0.7913826704,0.2589418888,0.7133654952,0.8184729815,0.702589035,0.4734593034,0.3325217962,0.5304418802,0.422578305,0.3081095517,0.2612213492,0.7014366388,0.6793718934,0.3831298947,0.4657093585,0.2750957012,0.3100190461,0.2573434412,0.282489419,0.60535115,0.6151935458,0.1304314584,0.3273057938,0.7791551948,0.7728915215,0.3537733555,0.322732091,0.4530984163,0.3368976116,0.5241748095,0.5537974238,0.6555160284,0.6110443473,0.1130022332,0.1693296283,0.3241457045,0.3554662168,0.4971399903,0.5158202052,0.1617202461,0.1555066258,0.5667667985,0.8060789108,0.3282877803,0.2937442362,0.7963547707,0.780041337,0.0929890126,0.3823276162,0.5665410161,0.4198330939,0.3004075885,0.2967215776,0.4900001884,0.5963226557,0.3918717206,0.5924414396,0.0542521998,0.080253467,0.748783648,0.714987576,0.5705299973,0.3235419393,0.6927958727,0.5370938182,0.6128974557,0.5457635522,0.1515009254,0.1152196005,0.8038834333,0.6731997728,0.0712643266,0.1194957495,0.5409878492,0.5250992775,0.2257356346,0.2223864347,0.1271398365,0.06706696,0.0575149097,0.0772077888,0.706736207,0.5096817613],[0.0,1.8578307629,1.6778966188,1.9358674288,1.6670224667,2.1804010868,1.021178484,0.2499211282,1.4268436432,0.4216180444,1.4561901093,0.0,0.7701819539,0.0,2.0976901054,1.9559332132,0.0883884802,0.6074409485,1.3644533157,0.2942493856,0.7193189859,1.627940774,1.8517643213,0.4103938937,1.0032680035,0.0121253999,0.00055913,0.0076255002,0.00024014,0.4467894137,0.3252201676,0.0014708,0.0913552269,0.1274693757,0.4293117821,0.0016623,0.0,0.2301616073,0.2112078071,0.6288285851,1.0027554035,2.3250641823,1.8483912945,1.0834113359,0.9455853105,0.1750436574,0.2037520409,1.7051640749,1.6594457626,1.8633762598,0.8672955632,0.3778246641,0.5241859555,0.0240123682,0.1970703602,0.0860305354,0.0144186998,0.0034978001,0.001125,0.0421773605,0.1415138245,0.0030121999,0.0,1.7814723253,2.0021378994,0.0707111135,0.9574282765,1.8196396828,0.8970837593,0.0,0.0,0.0779440403,0.2578087151,0.4807624519,0.9352602959,0.0724902004,0.3009307981,0.5134549141,0.9280693531,1.6757645607,0.9725885987,0.1998167485,1.0463474989,0.6095718741,1.14206779,0.0,0.0,1.7005125284,1.9594130516,0.1302871853,0.38072896,1.8248741627,1.8343954086,0.0,0.0,0.0111779002,0.0309568997,0.1661658734,0.0,0.5584459305,0.1998620033,1.7177937031,1.8528864384,1.8383102417,1.5570701361,1.9951628447,1.3197046518,0.7211923003,1.6816488504,0.264514178,1.1806917191,0.0016532,1.1905477047,2.6081540585,2.0133275986,1.8834283352,0.2554603517,0.5478272438,1.4097876549,0.0886596292,0.7572645545,2.0433020592,2.1664412022,0.4472103715,0.6497836709,0.0162390992,0.000092926,0.0089864004,0.0,0.7987142801,0.754732132,0.0,0.0656226128,0.0167141985,0.2654811144,0.0082571004,0.0,0.4696162045,0.3038084507,0.1336891353,0.4401834607,2.2394587994,1.8355443478,0.8333174586,0.8340235949,0.0366398096,0.0509424992,1.5720789433,1.6457871199,1.8606368303,0.9390057921,0.290560931,0.4008870423,0.0,0.0236355793,0.1747314632,0.0278942008,0.0,0.0,0.0832680315,0.4062214792,0.0139278304,0.0,1.7785127163,1.8648352623,0.0993807614,0.8550750613,1.2651027441,0.6109503508,0.0,0.0,0.0662082881,0.2707779408,0.540168047,1.0224814415,0.0592026003,0.1118921936,0.8415361047,1.271679759,1.5104241371,0.5312098861,0.2437866926,0.5648774505,0.6366452575,1.3009121418,0.0032401001,0.0,1.5207129717,1.9395893812,0.1635679603,0.2880843282,1.5567291975,1.7249451876,0.0,0.0,0.0087567996,0.0065855528,0.0999422595,0.00174579,0.7517755032,0.2654350102],[0.0,1.7122989893,1.2128099203,2.155030489,2.236790657,2.4211227894,1.1774728298,0.24612692,0.9807235003,0.2877683938,1.1131923199,0.0021309,0.6865241528,2.0976901054,0.0,2.7651679516,0.0742422044,0.4411371648,0.9807013869,0.2698422074,0.4413045645,1.4884978533,1.977185607,0.4828280509,1.048365593,0.0021368056,0.0,0.0072467001,0.0,0.233844474,0.205726251,0.0,0.0320873484,0.1099006757,0.3832464218,0.0080211498,0.0,0.0984161422,0.1625945568,0.9329859018,1.3244130611,2.2588374615,2.0075881481,1.5663011074,1.3719034195,0.0880741999,0.1687684953,1.9071216583,2.2413129807,1.8939851522,0.5653511882,0.625416398,0.7958065271,0.03145409,0.1542478055,0.0614765994,0.0373108983,0.0107474597,0.0059201298,0.0494588986,0.0745255798,0.0138558997,0.0,1.8567357063,2.1402475834,0.1419631243,1.1709256172,2.0224297047,0.6978069544,0.0,0.0,0.0175941791,0.115275614,0.5045908689,0.6885721684,0.1092633978,0.4792309701,0.4206767678,0.6667640209,2.5503363609,0.8865790963,0.1664845347,0.8885517716,0.4266587198,1.0287895203,0.0,0.0,1.4020086527,1.7205266953,0.2627670467,0.6001176238,1.7298680544,1.6697523594,0.0,0.0,0.02164107,0.082993567,0.3291493356,0.0020644099,0.2904138863,0.0765526965,2.0071308613,1.4239512682,2.1935722828,2.0123696327,2.4937055111,1.5325655937,0.574454248,1.2629733086,0.1517646462,0.9510335922,0.0029698,1.3016555309,2.3562009335,2.9064528942,2.5397078991,0.219146505,0.3999055624,0.9876077175,0.139892906,0.4675502181,1.8159408569,2.1979858875,0.5046321154,0.7898991704,0.000042068,0.0,0.00366924,0.0,0.526402235,0.5264086723,0.0,0.0249757431,0.0245907009,0.2392159104,0.0231244992,0.0,0.2695467472,0.2269585729,0.2605787814,0.572753489,2.3354840279,2.1241874695,1.2250038385,1.2330355644,0.0111022964,0.0624080785,1.7947160006,2.1290798187,1.9090850353,0.6004713774,0.5199363828,0.6439962387,0.00023062,0.0112149399,0.1143787205,0.0355120003,0.0,0.001334,0.0672413483,0.2435972691,0.0224332009,0.0,2.0127840042,1.8542259932,0.1870114654,1.0521982908,1.3237876892,0.561697185,0.0,0.0,0.0177539103,0.147806704,0.6111116409,0.8300111294,0.1073086709,0.2300030738,0.6294560432,0.9008573294,2.0418026447,0.6432139277,0.1965750307,0.5909225941,0.5324850082,1.0961353779,0.0078744004,0.0057385,1.1748043299,1.6160783768,0.3089032769,0.4562655985,1.5295102596,1.9298218489,0.0009827,0.0,0.0173064601,0.0365103185,0.2134182155,0.0079484303,0.4475739002,0.1111933291],[0.0,1.5814708471,1.102208972,1.9775958061,2.1670274734,2.1445262432,1.2196209431,0.2436195761,0.9023538828,0.2759307027,1.0224015713,0.0023242,0.6825789213,1.9559332132,2.7651679516,0.0,0.0780443773,0.3871865869,0.9128274918,0.2570129931,0.384878248,1.4700069427,1.9849574566,0.5049344301,1.0030741692,0.0025642,0.0,0.0060927002,0.0027695999,0.2058416754,0.1969354153,0.0,0.0315515324,0.102566421,0.3760659397,0.0097574499,0.0,0.084646441,0.1658401489,1.0157932043,1.4142179489,2.0908434391,2.0384669304,1.6569145918,1.4405679703,0.0785527378,0.1648643017,1.7809379101,2.1264579296,1.6786725521,0.5027632713,0.6686977744,0.8270412683,0.0309379008,0.1489735395,0.0536782518,0.0306668002,0.0190872904,0.0112074995,0.0506058,0.0634520575,0.019439755,0.0,1.8735228777,2.1470611095,0.1615499109,1.1312819719,1.9998042583,0.6647199988,0.0,0.0,0.0119405398,0.1018257886,0.4750374854,0.620077312,0.1038014218,0.4945196211,0.4244780242,0.6365901828,2.5714321136,0.8246232271,0.1705867052,0.9040155411,0.3859151304,0.9360312819,0.0,0.0,1.3241025209,1.5838598013,0.3021312952,0.5972604752,1.5645810366,1.5099571943,0.00077706,0.0,0.0261860006,0.0948355794,0.3598952293,0.0033948401,0.2511502802,0.0602681749,1.9031368494,1.2825117111,1.9910999537,2.0028612614,2.1758773327,1.6145333052,0.5582187772,1.1433076859,0.1450784653,0.8699947,0.0043767998,1.2845426798,2.1719279289,2.7559950352,2.6189448833,0.218980521,0.3465449512,0.9081671834,0.166606307,0.4165920615,1.7215266228,2.0424630642,0.488602668,0.8347586393,0.00022505,0.0,0.0014131,0.0,0.4712536931,0.4918282628,0.0,0.0257941298,0.0267558992,0.2334438264,0.02678583,0.0,0.2356993854,0.204066053,0.3058258593,0.5850314498,2.2676596642,2.1492059231,1.3019979,1.3114345074,0.0121709099,0.0685516968,1.7282552719,2.0278360844,1.674421072,0.5436272025,0.5667361021,0.6742716432,0.00066695,0.0097011104,0.0900634974,0.0437240005,0.00066497,0.001473858,0.0705165789,0.2183263749,0.0290727001,0.0,2.0813241005,1.8081115484,0.2019296587,1.0209434032,1.3245896101,0.5357626081,0.0,0.0014707,0.00901845,0.1140170321,0.5945382714,0.7375113368,0.1152324006,0.2567306161,0.5674485564,0.8097130656,2.209430933,0.6627990007,0.1820277274,0.6028525829,0.4666333795,0.9728378057,0.0058582001,0.0051790299,1.1167260408,1.4723434448,0.3455570042,0.4710485935,1.4662634134,1.8097195625,0.0033903001,0.0,0.0218051299,0.0472130813,0.2326913476,0.0079711704,0.3975425959,0.0848074406],[0.0,0.0940510482,0.126833573,0.0712283179,0.0891590193,0.0982750803,0.2330224514,1.1769263744,0.1529621035,0.7691202164,0.2693423331,0.4645471275,0.5501758456,0.0883884802,0.0742422044,0.0780443773,0.0,0.4683620632,0.168570444,0.7204471827,0.3179581463,0.1616696417,0.1117836833,0.6986643672,0.3868077099,1.093865037,1.3592972755,0.981297493,0.7542110682,0.5388246179,0.776604712,1.237159133,0.8798757792,0.6644786,0.5050507784,0.7341543436,0.8571727276,0.744150281,0.9430348873,0.0674761981,0.1062944531,0.0946061015,0.0921684429,0.0482032299,0.0393866003,0.7820846438,0.8636379838,0.0757059976,0.0752170905,0.0783727765,0.2742524743,0.0168887097,0.0203586891,1.0203959942,0.8718788624,0.9787150025,1.2615015507,0.5453569293,0.5665096641,1.5361878872,1.1038016081,0.9146279693,0.7976298928,0.1051459089,0.1194597036,0.0515669212,0.0884673968,0.1330375969,0.3980989456,0.9504138827,0.9519349337,0.7664362788,0.6562197804,0.3834474385,0.223071754,0.2871580422,0.1415011734,0.6399294138,0.3729948997,0.0883843973,0.3851418197,0.9453770518,0.4716871083,0.3567993045,0.1671854854,0.5258399844,0.4189814031,0.121490337,0.0963846073,0.0311257709,0.0414002798,0.1539652944,0.1006789804,0.6927301884,0.7068251371,0.3582635224,0.1958383471,0.0190413203,0.2448763549,0.3878903389,0.7247117162,0.0892848969,0.1063829139,0.0970185027,0.0576957501,0.1021553129,0.1179437786,0.6207799911,0.137371242,0.8946122527,0.3383484483,0.5771449804,0.3613444567,0.0868963599,0.0690145493,0.075812161,1.0466490984,0.6067535877,0.1811696291,0.856308341,0.2756982744,0.1129304171,0.0831914693,0.6711065173,0.5247464776,1.1868700981,1.3070498705,0.9947021604,0.8080807924,0.306787461,0.4223459065,1.1178525686,0.9762246609,0.9066950083,0.6457218528,0.7289991975,0.8575962782,0.4857116342,0.7823171616,0.1637039781,0.2579140067,0.084876433,0.0827226043,0.0279733893,0.0349072218,1.1052106619,1.1196125746,0.0928271189,0.0708424002,0.0725548193,0.2616116405,0.0202170908,0.0180660207,1.0224934816,1.1512224674,0.7610151172,1.272760272,0.5502225161,0.5095257759,1.2208812237,0.7290165424,0.8165418506,0.8299443126,0.081197001,0.1220813319,0.0686145499,0.1899217963,0.1686141342,0.5198962688,0.9020833373,0.8966941833,0.8324087262,0.5912079811,0.3225117922,0.159376651,0.189404577,0.1560550183,0.430775702,0.2129705995,0.0773715973,0.5717326999,0.8461351991,0.668297886